3,14,14,13,3,13,13,14,13
5,13,13,13,4,13,13,13,13
4,13,13,13,5,13,13,13,13
13,13,13,13,4,13,13,13,5
2,13,13,15,2,13,15,14,13
12,12,12,13,2,13,12,12,12
12,12,12,13,1,13,12,13,12
12,13,12,13,1,13,12,12,12
12,13,12,13,1,13,12,12,12
12,12,13,13,1,12,12,12,13
4,13,13,13,13,13,13,13,5
12,12,12,12,2,12,13,13,12
3,14,14,14,13,13,13,13,3
13,13,12,12,1,13,12,12,12
13,12,13,12,1,12,13,12,12
13,12,13,12,1,12,13,12,12
13,12,12,12,2,12,12,12,13
12,13,12,13,0,13,12,13,12
12,13,12,13,0,13,12,13,12
12,13,12,13,0,13,12,13,12
12,13,12,13,1,12,12,13,12
12,12,13,13,0,12,12,13,13
13,12,13,12,1,12,12,13,12
13,12,13,12,0,12,13,12,13
13,12,13,12,0,12,13,12,13
13,12,13,12,0,12,13,12,13
13,12,13,12,0,12,13,12,13
13,13,5,13,4,13,13,13,13
13,13,13,12,1,12,12,12,12
3,13,13,13,13,13,13,13,6
3,14,13,13,14,13,13,14,3
13,13,13,13,4,13,5,13,13
12,12,14,12,1,12,13,12,12
5,13,13,4,13,13,13,13,13
4,13,13,13,13,5,13,13,13
4,13,13,13,13,13,13,5,13
4,5,13,13,13,13,13,13,13
3,15,15,15,3,16,15,15,3
7,13,13,13,1,13,13,13,14
3,12,13,14,15,14,13,12,4
12,12,13,0,13,13,12,13,12
13,13,13,13,13,13,13,4,5
13,13,13,13,13,13,13,5,4
13,13,13,13,13,13,13,5,4
13,13,13,13,13,13,13,5,4
13,12,12,12,13,1,12,12,13
14,14,13,13,2,13,2,14,15
3,15,15,15,3,15,15,15,4
12,12,12,14,0,14,12,12,12
2,13,14,15,15,13,13,13,2
13,13,14,13,13,3,13,3,15
13,12,13,12,13,1,12,12,12
12,12,12,12,4,12,12,12,12
12,12,12,12,4,12,12,12,12
12,12,12,12,4,12,12,12,12
12,12,12,12,4,12,12,12,12
12,12,12,12,4,12,12,12,12
12,12,12,12,4,12,12,12,12
12,12,12,12,4,12,12,12,12
12,12,12,12,4,12,12,12,12
12,12,12,12,4,12,12,12,12
12,12,12,12,4,12,12,12,12
12,12,12,12,4,12,12,12,12
12,12,12,12,4,12,12,12,12
12,12,12,12,4,12,12,12,12
12,12,13,1,12,13,12,12,13
2,12,13,12,13,12,12,12,12
3,15,15,15,4,15,15,15,3
3,15,15,15,4,15,15,15,3
12,13,12,12,13,0,12,13,13
3,15,15,15,4,15,15,15,3
12,12,1,12,12,12,13,13,13
13,13,13,4,13,13,5,13,13
12,12,12,13,13,13,1,12,12
12,12,12,13,13,12,2,12,12
13,13,13,5,13,13,13,4,13
12,12,2,12,12,12,12,13,13
3,12,12,12,12,12,12,12,13
3,12,12,12,12,12,12,12,13
2,2,14,14,14,14,14,13,13
14,14,1,14,1,14,14,14,14
2,15,12,15,1,16,12,15,12
3,3,15,15,3,15,15,16,15
12,13,12,13,12,1,12,13,12
3,12,12,12,12,12,12,13,12
13,12,12,12,13,12,2,12,12
13,13,13,1,12,12,12,12,12
14,14,2,13,13,14,14,14,2
13,14,14,14,14,13,13,3,2
2,12,12,12,12,12,13,13,12
14,14,14,14,0,2,14,14,14
2,16,16,16,2,15,16,15,2
2,15,16,15,2,16,16,16,2
2,16,15,16,2,16,15,16,2
2,16,15,16,2,16,15,16,2
13,13,13,22,0,0,13,13,13
12,13,12,13,13,13,0,12,12
12,12,12,12,0,12,12,12,16
12,12,12,12,0,12,12,12,16
2,15,2,16,2,16,16,16,15
13,2,14,14,14,2,13,14,14
3,15,3,15,4,15,15,15,15
2,15,16,16,2,16,16,2,15
15,15,16,3,3,15,15,15,3
2,2,13,14,14,14,13,14,14
6,1,13,15,13,13,13,13,13
2,14,14,14,14,14,14,12,2
2,14,14,14,14,14,14,12,2
2,14,14,14,14,14,14,12,2
3,14,14,14,21,14,14,3,3
2,16,16,15,2,15,16,16,2
1,12,12,13,13,13,12,12,12
3,15,4,15,3,15,15,15,15
13,13,13,13,12,0,12,12,12
13,13,13,12,0,13,11,13,12
1,12,12,12,13,13,12,13,12
12,13,12,12,12,13,1,12,13
12,13,13,12,12,12,12,12,2
1,12,12,12,13,12,13,12,13
12,1,13,12,13,12,13,12,12
4,12,12,12,12,12,12,12,12
4,12,12,12,12,12,12,12,12
4,12,12,12,12,12,12,12,12
4,12,12,12,12,12,12,12,12
4,12,12,12,12,12,12,12,12
4,12,12,12,12,12,12,12,12
4,12,12,12,12,12,12,12,12
4,12,12,12,12,12,12,12,12
4,12,12,12,12,12,12,12,12
4,12,12,12,12,12,12,12,12
13,13,12,12,12,12,12,12,2
1,14,14,14,1,14,14,14,14
13,13,12,12,13,12,0,13,12
12,12,13,13,13,12,12,12,1
15,15,3,15,3,15,15,15,4
15,15,15,15,3,15,15,3,4
2,12,16,12,16,16,12,12,2
13,13,13,17,4,17,3,17,3
12,13,12,13,13,12,12,12,1
12,12,13,13,12,13,0,13,12
12,12,12,12,12,12,12,12,4
12,12,12,12,12,12,12,12,4
12,12,12,12,12,12,12,12,4
12,12,12,12,12,12,12,12,4
12,12,12,12,12,12,12,12,4
12,12,12,12,12,12,12,12,4
12,12,12,12,12,12,12,12,4
12,12,12,12,12,12,12,12,4
12,12,12,12,12,12,12,12,4
12,12,12,12,12,12,12,12,4
12,12,12,12,12,12,12,12,4
12,12,12,12,12,12,12,12,4
12,12,12,12,12,12,12,12,4
12,12,12,12,12,12,12,12,4
12,12,12,12,12,12,12,12,4
12,12,12,12,12,12,12,12,4
12,12,12,12,12,12,12,12,4
14,14,14,14,1,14,14,1,14
13,12,13,12,13,12,12,12,1
1,13,13,15,1,15,12,15,15
2,2,2,17,21,17,13,13,13
14,14,14,14,14,13,13,2,2
13,14,13,14,14,14,2,2,14
12,12,12,12,12,13,13,13,1
12,12,12,12,12,13,13,13,1
12,12,12,12,12,13,13,13,1
14,2,14,2,14,14,14,14,12
15,15,3,15,4,15,15,15,3
12,12,13,13,12,13,12,12,1
12,12,12,13,12,13,12,13,1
2,13,2,13,2,13,21,21,13
15,15,15,15,4,15,3,15,3
12,12,12,12,13,13,13,13,0
2,14,12,14,16,14,12,14,2
15,3,15,15,3,3,16,15,15
12,13,12,13,12,13,12,12,1
1,12,12,12,12,12,13,13,13
3,15,16,2,15,2,16,15,16
2,16,16,18,2,13,18,13,2
14,14,14,0,0,14,15,15,14
1,12,13,12,12,12,12,13,13
12,13,12,13,12,12,13,12,1
2,1,13,13,14,15,14,14,14
2,16,1,16,1,16,16,16,16
3,4,15,15,15,15,15,15,3
3,15,17,16,15,5,3,13,13
1,13,13,12,12,12,12,12,13
12,12,12,4,12,12,12,12,12
12,12,12,4,12,12,12,12,12
1,12,12,12,14,12,13,12,12
15,15,15,3,4,3,15,15,15
1,13,13,12,12,12,12,13,12
3,21,14,16,2,15,2,15,12
13,13,12,12,13,12,12,0,13
3,15,15,3,15,16,3,15,15
3,3,3,17,15,13,16,17,13
12,12,12,12,12,12,4,12,12
12,12,12,12,12,12,4,12,12
2,13,15,23,3,14,14,14,2
12,12,12,12,12,12,4,12,12
3,14,16,14,17,3,16,3,14
2,2,13,2,21,17,13,17,13
12,12,0,14,12,12,12,12,14
13,13,13,12,12,12,12,12,1
12,14,12,12,12,0,14,12,12
12,17,16,16,2,16,2,17,2
2,2,16,16,0,16,16,16,16
13,13,6,13,13,13,1,15,13
15,15,15,15,3,15,3,4,15
1,14,1,14,16,14,13,14,13
0,12,12,13,13,13,12,13,12
15,3,15,15,4,15,15,3,15
12,12,12,12,12,12,12,4,12
12,4,12,12,12,12,12,12,12
12,4,12,12,12,12,12,12,12
0,12,13,12,13,12,13,12,13
11,12,13,13,13,13,0,12,13
13,13,13,13,0,13,13,12,10
13,13,12,13,0,13,13,13,10
13,13,14,0,20,13,13,1,13
14,14,14,0,14,14,14,2,14
3,15,3,15,15,15,15,4,15
12,13,12,13,12,13,12,13,0
12,13,12,13,12,13,12,13,0
0,13,13,12,13,12,13,12,12
12,13,11,11,2,13,13,13,12
15,15,15,4,2,4,15,15,15
16,16,16,1,2,1,16,16,16
16,16,16,1,2,1,16,16,16
3,4,3,15,15,15,15,15,15
1,16,16,16,1,16,16,16,2
12,13,13,13,12,12,13,12,0
1,12,12,12,12,12,12,13,14
16,16,1,1,2,16,16,16,16
2,15,15,4,15,15,15,15,4
2,15,2,15,13,15,21,15,2
2,16,16,16,16,15,15,2,2
0,12,12,12,12,13,13,13,13
0,12,12,12,12,13,13,13,13
14,1,14,1,14,14,14,14,14
14,1,14,1,14,14,14,14,14
1,14,13,12,12,12,12,12,12
2,15,20,15,2,15,1,15,15
14,14,1,14,14,14,1,14,14
14,14,14,15,15,12,12,2,2
13,13,12,13,12,12,13,12,0
3,3,4,15,15,15,15,15,15
0,12,12,13,12,13,13,13,12
1,14,14,14,14,1,14,14,14
2,2,2,16,16,16,16,15,15
2,16,2,16,15,16,16,2,15
14,3,16,5,13,17,14,14,4
14,14,14,1,14,14,14,14,1
16,12,0,16,0,18,14,12,12
13,13,13,13,12,12,12,12,0
13,13,13,13,12,12,12,12,0
3,2,14,14,14,14,14,14,11
13,13,14,12,6,11,15,13,3
0,13,12,13,12,13,12,13,12
1,16,16,16,1,16,16,2,16
3,4,4,15,14,15,15,15,15
2,2,2,16,16,15,16,16,15
1,2,16,16,1,16,16,16,16
1,2,16,16,1,16,16,16,16
3,3,16,11,3,16,16,16,16
0,13,13,13,12,12,12,12,13
16,16,16,16,1,2,16,1,16
4,4,4,15,15,13,15,15,15
2,16,16,1,16,16,2,15,16
14,14,15,14,0,15,14,0,14
15,3,15,3,15,16,16,3,14
3,16,3,17,2,17,21,18,3
13,16,15,2,5,1,15,18,15
3,15,3,15,21,21,3,16,3
1,15,12,12,12,12,12,12,12
16,16,1,16,2,16,1,16,16
15,0,15,14,0,14,14,14,14
13,13,14,12,12,12,12,0,12
14,0,14,14,0,13,16,15,14
2,12,14,12,12,20,2,14,12
15,15,15,15,15,15,4,3,3
1,16,16,16,2,16,16,1,16
15,3,15,15,16,3,15,3,15
15,15,15,15,16,16,2,2,4
2,11,12,12,15,12,12,12,12
1,14,14,14,14,14,1,14,14
16,1,16,16,1,16,16,2,16
1,1,14,14,14,14,14,15,13
2,15,15,15,15,16,14,6,2
16,16,16,1,1,1,16,16,17
13,1,14,14,15,14,14,1,14
1,16,16,16,2,16,16,16,1
14,1,13,15,14,15,13,1,14
16,16,15,16,16,2,15,2,2
0,15,14,15,0,14,14,14,14
2,2,21,21,21,13,13,3,4
12,18,1,16,4,16,14,17,2
4,17,17,17,4,17,17,3,4
0,12,13,12,12,12,14,12,13
4,14,11,14,14,1,14,14,14
1,13,13,13,13,13,13,8,13
13,12,13,12,13,2,13,9,13
14,14,14,14,14,14,1,1,14
1,1,14,14,14,14,14,14,14
2,15,15,15,15,15,15,6,2
15,3,15,15,15,3,15,4,15
1,1,14,14,14,14,14,14,14
3,3,21,20,3,13,3,21,13
1,17,16,1,1,16,16,16,16
4,17,17,17,3,4,17,17,4
12,12,13,1,13,10,13,13,13
15,16,16,15,16,16,2,2,2
12,4,18,13,5,14,14,6,14
1,11,17,12,1,16,13,14,15
1,8,13,13,13,13,13,13,13
15,15,15,4,15,3,15,3,15
1,16,1,16,1,16,16,17,16
1,16,1,16,1,16,16,17,16
1,14,14,14,14,14,14,14,1
1,14,14,14,14,14,14,14,1
1,14,14,14,14,14,14,14,1
1,14,14,14,14,14,14,14,1
1,14,14,14,14,14,14,14,1
1,14,14,14,14,14,14,14,1
14,14,14,14,14,14,1,14,1
13,13,13,13,13,13,13,8,1
13,13,13,13,13,13,13,8,1
4,12,11,4,13,14,12,15,15
3,21,13,21,3,3,21,3,12
15,3,15,15,15,3,4,15,15
14,1,14,14,14,14,14,1,14
14,1,14,14,14,14,14,1,14
15,17,15,15,15,14,2,3,4
3,21,12,13,3,21,21,3,3
13,13,12,12,13,2,13,10,12
4,4,16,4,4,16,20,16,16
3,17,2,17,21,17,3,17,3
14,14,14,14,14,14,14,1,1
14,14,14,14,14,14,14,1,1
16,16,1,17,1,16,1,16,16
16,16,1,16,1,16,1,17,16
15,14,15,14,0,15,12,15,0
12,12,12,12,12,12,12,11,5
14,14,2,20,2,14,2,20,12
0,14,14,14,14,14,14,14,2
3,22,21,21,3,12,3,12,3
3,3,16,20,20,16,16,3,3
13,13,13,13,13,13,8,13,1
2,16,17,17,16,16,2,13,1
12,13,14,15,16,17,2,5,6
2,1,16,16,16,1,16,16,16
5,13,16,16,5,16,18,5,6
17,2,16,2,15,14,16,16,2
11,13,1,14,14,13,5,15,14
13,14,6,14,6,14,13,14,6
13,13,13,13,13,12,12,11,0
12,13,13,2,2,13,2,21,22
13,1,18,12,3,17,20,2,14
0,15,12,15,0,15,16,15,12
2,1,1,16,16,16,16,16,16
2,12,12,16,11,15,15,15,2
1,16,16,17,1,16,16,16,1
12,12,12,12,12,15,5,5,15
16,16,1,16,16,1,16,16,2
12,0,12,12,12,12,12,16,12
4,11,15,14,5,19,14,14,4
2,2,11,12,13,14,15,15,16
16,16,16,1,16,1,16,2,16
16,2,15,16,16,15,2,2,16
15,5,15,3,15,15,15,2,15
12,14,13,7,14,12,4,12,12
16,16,0,2,16,2,16,16,16
2,2,2,21,21,21,15,14,2
6,12,17,12,6,12,17,12,6
3,17,3,18,3,17,18,18,3
16,3,21,3,2,15,22,16,2
3,14,14,14,14,14,14,10,3
5,5,6,14,14,14,14,14,14
3,15,3,15,9,15,12,15,13
2,16,16,16,16,16,16,1,1
15,15,15,0,15,15,15,6,4
1,13,15,20,2,20,15,13,1
15,2,16,2,12,2,17,13,21
2,16,2,15,18,16,12,2,17
4,4,4,17,3,17,17,17,17
16,0,12,12,12,12,12,12,12
2,2,13,13,21,12,2,22,13
16,16,1,16,16,1,2,16,16
5,5,16,16,16,16,16,5,5
16,3,21,2,21,3,16,2,16
3,17,3,18,3,18,17,18,3
14,14,2,18,18,16,2,14,2
13,13,13,15,15,16,0,15,0
17,14,16,13,13,0,14,13,0
12,17,12,5,12,12,12,12,6
1,2,1,16,16,16,16,16,16
4,16,5,16,5,16,17,5,16
14,14,14,12,0,12,12,12,10
13,17,17,2,2,3,22,21,3
3,20,11,18,3,14,14,14,3
2,2,2,14,14,14,17,18,17
14,1,16,16,1,17,17,1,17
3,18,3,18,3,18,17,17,3
1,1,20,17,1,15,15,15,15
13,13,13,13,13,13,13,0,9
3,13,2,3,21,13,3,21,21
2,2,14,21,2,15,21,21,2
2,15,2,11,4,16,16,17,17
12,15,15,15,15,15,0,13,0
4,11,12,16,14,16,12,11,4
1,13,13,13,14,12,1,19,14
17,3,17,20,3,17,3,17,3
16,16,16,16,5,16,5,5,5
16,16,16,16,16,16,1,1,2
15,2,15,1,15,20,15,2,15
14,5,14,5,14,15,14,5,14
16,16,16,1,16,16,2,16,1
4,17,18,18,1,17,4,17,4
1,15,12,13,14,20,12,1,12
3,3,21,21,21,21,3,3,4
0,14,14,15,15,0,14,14,14
14,0,15,15,14,14,0,14,14
5,5,16,5,16,16,16,16,5
3,4,21,21,3,3,21,21,3
3,3,12,21,13,3,21,3,21
1,1,1,15,21,16,15,15,15
2,14,2,2,2,21,15,21,21
15,14,14,14,14,0,14,0,15
15,14,15,15,14,14,0,13,0
1,1,2,16,16,16,16,16,16
16,1,1,16,16,16,16,2,16
15,16,2,0,15,15,16,6,15
2,15,15,15,15,14,14,8,2
2,2,2,22,22,2,22,13,13
15,10,15,17,1,4,12,13,13
16,16,16,16,0,3,17,16,0
4,21,21,3,3,21,21,3,3
12,7,15,6,13,3,16,15,13
16,2,17,21,2,21,2,17,2
3,3,3,18,3,18,17,17,18
5,11,5,13,21,13,5,14,13
5,16,16,5,16,16,5,16,5
21,12,12,12,21,12,3,4,3
3,17,3,17,3,18,18,3,18
15,15,15,15,13,13,8,3,3
0,13,13,13,13,13,13,13,9
0,13,13,13,13,13,13,13,9
15,15,5,15,5,15,0,15,15
16,4,20,16,4,4,4,16,16
2,16,16,16,16,16,11,5,2
3,18,17,3,3,18,18,3,17
14,18,15,14,17,16,2,2,2
4,17,3,17,17,17,4,17,4
16,16,17,1,16,1,16,1,16
0,16,0,16,4,16,16,16,16
16,1,16,2,16,16,16,16,1
7,13,13,13,13,13,7,15,6
17,1,16,1,15,14,13,12,11
3,21,3,21,3,21,21,4,3
17,4,17,17,4,4,17,17,3
7,16,2,17,2,17,17,6,16
3,3,21,21,4,3,21,3,21
2,13,14,15,15,15,14,10,2
4,18,17,17,3,2,18,3,18
4,18,21,18,3,1,16,2,17
5,16,5,16,16,5,16,16,5
5,16,5,16,16,16,5,16,5
5,16,5,16,16,16,5,16,5
2,12,23,12,2,12,23,12,2
4,17,4,17,17,17,4,16,4
7,13,3,3,3,21,12,17,21
16,16,16,16,16,15,3,1,1
2,21,2,17,21,16,2,17,2
4,12,12,12,12,10,14,12,12
13,13,13,13,13,13,13,9,0
13,13,13,13,13,13,13,9,0
6,16,1,16,21,16,6,16,2
4,17,4,17,17,17,3,17,4
2,15,21,19,2,3,3,16,19
1,15,4,15,15,15,5,15,15
0,12,15,12,14,17,15,14,1
16,16,16,16,16,16,2,1,1
16,16,16,16,16,16,2,1,1
1,13,15,15,14,15,15,11,1
3,21,2,20,14,20,3,14,3
2,2,20,20,2,20,20,12,2
3,3,22,21,3,3,21,3,21
2,3,18,18,2,18,18,18,3
15,15,15,8,1,1,15,15,15
15,15,15,8,1,1,15,15,15
21,3,3,12,3,22,21,12,3
15,5,15,15,15,0,15,5,15
5,5,15,15,5,20,5,15,15
4,18,4,17,1,18,18,17,3
20,17,3,17,3,17,3,17,3
5,21,12,12,5,21,0,12,12
1,1,1,16,16,17,16,16,16
16,16,16,1,17,16,1,1,16
13,13,13,9,13,13,13,13,0
0,1,15,15,12,15,15,12,15
5,17,12,17,12,5,5,15,12
5,5,16,5,16,16,16,5,16
4,4,17,17,17,17,4,3,17
2,2,2,2,21,20,17,17,17
3,3,21,16,21,21,2,11,2
13,14,15,16,17,12,13,0,0
16,16,21,4,1,5,5,16,16
0,10,12,13,13,13,13,13,13
1,1,1,16,16,16,16,16,17
3,3,23,21,3,20,21,3,3
4,20,18,20,1,15,3,17,2
21,12,2,21,2,21,2,17,2
7,12,16,11,1,11,13,14,15
0,14,14,15,15,15,14,13,0
17,13,17,22,3,22,2,2,2
12,12,12,15,12,10,3,12,12
17,4,17,4,3,17,17,4,17
1,13,13,11,11,13,12,14,12
3,3,18,18,18,16,3,18,3
12,21,21,21,16,2,3,2,2
15,20,1,15,2,17,15,0,15
3,3,3,3,21,21,21,21,4
14,14,14,14,14,14,16,0,0
13,14,15,1,14,16,16,1,10
16,15,13,16,12,14,0,14,0
4,3,16,22,4,22,22,3,4
13,13,13,13,13,13,1,10,11
2,2,18,21,2,18,2,17,18
4,4,16,4,17,4,17,17,17
5,15,5,15,20,15,5,15,5
5,15,5,15,20,15,5,15,5
17,16,16,1,16,16,16,1,1
2,3,20,20,15,20,15,3,2
3,18,17,18,18,3,17,3,3
3,21,3,21,3,21,3,21,4
15,15,14,14,14,14,14,0,0
2,18,2,18,3,18,18,18,3
17,21,17,18,3,4,3,3,14
7,21,2,4,3,15,17,13,18
1,1,16,16,16,16,17,16,1
6,5,5,12,12,12,16,16,16
2,18,18,18,2,18,3,18,3
3,17,3,18,18,17,3,18,3
3,17,3,18,18,18,3,17,3
2,20,20,18,2,18,16,2,2
21,2,15,2,21,14,21,2,2
2,18,20,2,3,1,21,19,14
2,3,3,17,17,18,17,17,6
2,2,20,18,2,18,18,18,2
14,15,19,20,0,15,1,15,1
3,3,21,3,21,21,3,4,21
2,20,3,20,2,15,3,15,20
3,17,2,18,2,2,18,20,18
5,3,6,18,4,20,15,17,12
21,21,13,3,21,3,12,3,3
3,3,22,22,3,22,19,3,3
17,16,17,0,0,0,17,17,16
16,21,2,18,2,21,2,2,16
11,2,15,1,15,15,11,15,15
6,12,12,12,11,12,12,11,12
17,2,19,17,3,3,17,19,3
3,18,3,17,18,17,3,18,3
4,17,4,17,17,17,4,3,17
12,10,14,12,12,14,13,12,1
3,21,3,21,4,21,3,21,3
15,2,2,2,12,13,14,20,20
3,21,3,21,4,21,3,21,3
3,21,3,21,4,21,3,21,3
3,21,3,21,4,21,3,21,3
3,21,3,21,4,21,3,21,3
0,13,13,14,21,14,13,11,1
16,16,16,16,17,16,1,1,1
2,2,18,18,21,18,2,17,2
12,2,20,20,2,2,20,2,20
2,20,17,3,2,18,3,18,17
2,17,2,21,20,2,2,17,17
4,21,21,3,21,3,3,21,3
17,17,17,0,0,0,17,16,16
2,2,2,2,21,18,18,17,18
1,3,21,17,18,17,17,3,3
3,22,3,21,3,3,21,3,21
12,10,14,11,1,12,12,14,14
2,12,3,11,3,22,23,12,12
11,13,13,12,16,16,11,6,2
3,22,3,21,3,21,3,21,3
3,22,3,21,3,21,3,21,3
3,21,4,21,3,21,3,21,3
16,5,5,5,5,16,16,16,16
3,21,21,3,4,21,3,3,21
16,17,16,16,16,16,1,1,1
17,4,17,4,17,17,17,3,4
3,3,3,3,17,17,18,18,18
19,20,3,16,3,18,15,3,3
13,5,13,26,0,13,13,4,13
12,12,12,12,12,10,12,12,6
2,3,3,21,21,4,21,21,4
17,3,3,18,3,18,17,3,18
3,4,3,3,3,21,21,21,21
17,4,17,4,17,3,17,17,4
2,2,18,2,2,20,18,18,18
17,3,17,3,20,3,17,3,17
2,18,2,18,2,18,20,18,2
17,3,17,3,20,3,17,3,17
17,3,17,3,20,3,17,3,17
3,3,2,2,15,15,20,20,20
17,3,17,3,20,3,17,3,17
20,13,0,13,1,13,20,12,8
2,2,18,2,2,18,18,18,20
4,12,7,8,13,13,13,14,16
3,21,3,22,2,21,4,21,3
2,18,2,18,21,17,2,18,2
2,18,18,18,2,20,18,2,2
21,3,21,3,21,3,21,3,4
21,3,21,3,21,3,21,3,4
0,0,13,13,12,15,17,16,14
2,12,2,22,2,22,16,11,11
15,15,15,15,15,15,5,5,0
21,12,2,2,21,2,2,17,21
3,17,17,3,18,4,3,17,18
1,11,21,18,1,16,15,16,1
13,7,13,13,7,13,13,8,13
17,2,17,1,16,12,17,1,17
2,2,20,20,20,2,20,2,12
3,13,15,5,20,24,15,2,3
8,8,13,6,13,13,13,13,13
2,2,18,2,4,18,18,18,18
14,1,12,22,13,2,12,2,22
15,5,15,5,15,15,15,15,0
2,18,18,20,2,18,2,18,2
2,2,2,20,20,20,20,12,2
13,7,13,13,8,13,13,7,13
15,14,15,15,11,15,5,5,5
8,12,12,12,12,12,12,12,8
3,22,3,22,2,21,3,21,3
2,2,18,18,2,18,18,2,20
21,21,21,21,3,3,3,3,4
3,19,17,19,18,15,3,3,3
17,17,0,17,0,17,0,16,16
3,21,4,21,3,21,4,20,3
6,16,6,16,6,16,6,16,12
1,21,21,15,15,15,4,3,5
2,5,13,20,20,20,13,5,2
2,3,21,2,21,21,3,21,6
11,15,5,5,15,5,15,14,15
6,6,12,21,12,12,12,12,7
22,2,11,14,3,17,13,2,16
13,13,13,7,7,8,13,13,13
13,13,13,7,8,7,13,13,13
21,4,21,21,21,3,3,3,3
3,3,3,2,5,21,21,21,21
17,5,17,5,1,16,17,5,17
2,18,18,2,2,20,18,2,18
20,20,20,15,3,3,2,15,2
3,3,3,5,13,13,20,20,20
22,13,12,12,13,22,2,1,3
11,17,2,17,2,21,2,17,11
21,21,21,21,3,3,3,4,3
16,15,15,12,12,12,6,6,6
2,2,18,19,2,19,18,18,2
13,3,16,6,3,11,21,16,11
3,3,15,3,15,3,19,19,20
9,14,12,14,2,14,12,14,9
2,2,2,2,20,20,20,19,13
7,6,15,15,6,15,15,6,15
8,1,12,15,13,11,12,12,16
3,23,3,23,14,3,3,14,14
21,21,21,21,4,3,3,3,3
21,21,21,21,4,3,3,3,3
21,21,21,21,4,3,3,3,3
2,2,18,18,18,18,18,3,3
12,5,10,3,13,12,14,16,15
21,3,21,3,22,3,21,3,3
4,3,3,3,21,21,3,21,21
21,21,21,21,3,2,4,3,4
12,12,10,13,13,6,14,14,6
12,13,1,12,11,14,10,14,13
17,2,17,3,17,3,17,3,21
1,20,16,19,2,18,4,17,3
17,17,3,3,20,3,3,17,17
2,3,22,22,2,22,22,3,2
16,5,16,5,16,5,16,5,16
16,5,16,5,16,5,16,5,16
16,5,16,5,16,5,16,5,16
1,15,15,15,15,1,8,15,15
1,4,4,11,16,16,16,16,16
2,21,2,21,4,21,4,21,4
17,3,17,3,17,3,17,3,20
18,3,18,2,2,18,18,3,18
1,14,15,14,24,1,15,1,15
21,2,16,2,17,2,21,2,17
14,3,1,21,4,14,4,20,19
21,21,3,21,4,3,21,3,3
2,3,19,17,18,3,18,18,2
5,10,5,15,5,15,15,15,15
2,6,16,16,16,6,6,16,16
1,21,21,16,0,11,12,16,2
15,15,15,15,15,9,12,2,2
5,21,13,12,5,12,5,21,6
12,14,1,5,14,14,25,2,13
17,4,17,3,17,4,17,4,17
22,21,21,21,3,3,3,3,3
17,4,17,4,17,3,17,4,17
17,4,17,4,17,3,17,4,17
18,14,14,2,15,17,1,1,18
21,3,21,3,4,3,21,3,21
7,15,13,13,14,7,12,7,12
2,2,18,18,20,18,18,2,2
17,4,17,4,16,4,17,4,17
2,12,2,2,20,2,20,20,20
1,12,0,18,16,1,17,15,20
1,12,21,21,1,21,21,1,1
1,12,21,21,1,21,21,1,1
18,2,2,21,5,19,2,18,13
17,2,18,2,22,2,17,2,18
5,5,5,5,15,15,15,15,20
1,15,15,15,15,15,15,8,1
17,3,17,4,17,4,17,4,17
17,3,17,4,17,4,17,4,17
2,2,20,2,20,12,20,20,2
2,2,20,2,20,12,20,20,2
2,3,3,4,4,21,21,21,21
17,4,17,2,17,4,17,5,17
19,12,19,19,3,19,3,3,3
15,15,15,0,10,0,15,15,15
6,0,16,14,20,22,16,2,4
17,4,17,4,17,4,17,3,17
17,4,17,4,17,4,17,3,17
17,4,17,4,17,4,17,3,17
15,2,21,2,18,20,2,18,2
0,17,17,16,0,17,0,16,17
17,16,3,23,13,4,3,4,17
15,5,15,5,20,5,15,5,15
5,10,11,12,13,14,15,16,4
15,15,15,12,12,12,6,6,7
8,8,12,12,12,12,12,12,12
2,15,14,10,1,19,15,11,13
2,2,20,20,12,20,20,2,2
1,16,21,21,5,5,21,5,5
2,18,18,18,18,18,2,3,3
12,7,13,13,7,13,13,9,13
2,7,22,21,2,21,21,2,2
21,1,21,1,1,1,21,12,21
17,3,17,3,18,4,18,3,17
2,21,11,2,2,21,21,18,2
11,2,11,14,14,13,15,12,8
0,0,4,16,16,16,16,16,16
17,3,18,3,18,3,18,3,17
17,3,18,3,18,3,18,3,17
17,1,17,16,14,15,1,18,1
5,5,5,12,16,12,17,11,17
14,0,16,14,0,17,18,12,9
3,18,2,18,18,2,18,3,18
5,17,19,3,5,17,11,18,5
3,21,21,4,21,4,1,21,4
2,14,15,16,16,17,7,6,7
2,2,2,19,19,19,17,17,3
18,4,18,3,17,3,17,3,17
2,18,2,19,2,19,18,2,18
21,21,21,12,12,4,3,3,3
14,0,16,20,0,20,15,0,15
15,15,15,15,20,15,0,5,0
3,3,3,17,18,21,18,11,6
20,20,20,20,2,2,2,2,12
18,3,18,3,17,3,18,3,17
21,0,20,21,1,16,17,2,2
1,1,1,15,25,15,14,14,14
3,18,18,2,18,18,3,2,18
15,15,15,0,15,15,0,15,10
17,3,4,4,17,17,4,17,17
16,1,16,8,14,15,15,1,14
15,15,12,4,13,12,13,9,7
1,15,1,15,18,13,17,19,1
2,12,13,20,3,20,9,15,6
2,17,2,17,17,17,2,16,10
12,1,12,12,20,1,21,1,20
16,17,17,17,0,17,16,0,0
1,4,21,21,21,4,3,21,4
22,14,2,14,2,20,2,22,2
12,11,14,11,3,11,12,11,15
16,6,16,6,16,16,6,16,2
2,12,2,11,13,13,20,17,10
18,3,18,3,18,3,17,3,17
16,16,15,16,15,11,7,2,2
6,6,6,12,6,20,16,12,16
19,15,1,18,1,22,2,16,6
2,12,22,7,2,21,21,11,2
5,5,12,21,5,21,5,21,5
2,18,5,17,16,17,5,18,2
3,22,22,2,2,3,22,22,2
7,3,15,20,10,15,12,15,3
20,1,19,2,21,4,13,3,17
20,2,21,1,1,13,21,1,20
2,18,2,18,20,18,2,18,2
13,11,13,11,13,4,11,11,13
18,3,17,3,18,3,17,3,18
1,1,1,14,15,14,18,18,18
18,3,17,3,18,3,17,3,18
18,3,17,3,18,3,17,3,18
2,20,20,20,20,12,2,2,2
2,20,2,2,20,20,12,20,2
18,2,2,2,3,18,19,18,18
2,22,2,21,4,21,2,22,4
21,21,21,16,5,4,4,4,4
5,4,19,17,15,10,15,13,2
4,3,14,3,3,21,21,10,21
15,15,15,15,15,15,8,1,1
3,19,3,19,19,19,3,13,2
21,12,21,21,1,1,1,1,21
2,5,11,22,2,22,22,12,2
15,0,15,15,0,20,20,0,15
17,15,0,0,20,17,15,0,16
15,15,21,0,15,18,0,0,16
11,6,21,2,20,1,21,16,2
17,5,17,4,17,4,2,17,17
1,12,18,4,1,21,21,21,1
11,12,13,14,13,12,11,10,4
0,15,20,15,0,15,20,15,0
20,20,2,12,2,20,20,2,2
17,0,17,16,0,16,11,11,12
1,3,16,20,20,20,16,3,1
12,12,12,8,12,8,12,12,12
11,5,21,4,15,21,3,13,7
18,3,18,3,18,17,3,18,2
4,22,18,4,22,18,4,4,4
5,13,15,2,11,10,13,13,18
15,5,15,5,15,5,15,5,20
2,2,2,18,18,18,18,20,2
1,12,1,21,21,21,21,1,1
4,15,13,20,15,2,8,6,17
18,2,18,3,18,2,18,18,3
21,1,21,1,21,1,21,1,12
7,13,7,13,7,3,13,16,21
15,17,17,4,4,4,12,10,17
2,2,2,23,21,20,20,5,5
2,2,17,18,17,18,7,17,2
14,13,10,6,17,1,12,15,12
1,12,1,21,21,1,21,21,1
21,3,4,3,21,21,3,21,3
0,13,20,1,20,20,13,13,0
21,21,3,3,4,21,3,21,3
21,12,21,1,21,1,21,1,1
1,1,1,1,21,21,21,21,12
15,6,6,15,6,15,6,16,15
0,12,24,12,15,12,12,1,12
3,2,1,3,18,18,19,18,18
17,16,0,0,17,17,17,0,16
1,21,1,21,1,21,1,21,12
21,21,21,21,4,4,4,2,2
6,8,15,15,3,8,15,15,15
2,2,16,23,15,15,2,23,2
3,5,16,6,5,16,21,6,22
2,22,22,22,3,2,3,22,2
0,15,15,20,0,20,15,15,0
18,2,18,2,20,18,18,2,2
2,2,19,18,18,18,19,2,2
2,21,2,21,6,22,2,21,3
5,15,15,15,0,10,15,5,20
12,21,1,21,21,1,1,1,21
21,21,21,21,0,1,1,1,13
15,21,20,1,1,1,20,1,20
19,18,18,18,3,18,2,2,2
2,2,2,21,20,20,20,2,11
2,18,18,18,18,20,2,2,2
21,21,4,21,3,3,3,3,21
1,1,21,21,21,21,1,12,1
19,18,18,18,2,2,19,2,2
13,15,12,12,13,8,11,11,5
11,20,20,20,21,2,2,2,2
1,21,4,21,21,21,4,4,3
21,14,3,1,2,23,14,21,1
8,13,0,12,16,17,0,15,19
2,2,18,19,18,19,18,2,2
2,2,18,19,18,19,18,2,2
2,2,18,18,18,19,19,2,2
22,3,3,3,21,3,21,3,21
4,20,4,20,4,20,4,20,4
6,11,6,11,12,12,12,17,13
4,20,4,20,4,20,4,20,4
2,18,2,2,18,18,18,2,20
17,16,17,0,16,0,17,0,17
18,21,16,21,1,5,1,16,1
2,22,3,22,2,22,2,22,3
18,2,2,21,2,2,17,24,12
5,5,15,5,15,10,15,15,15
1,21,1,21,1,12,21,1,21
10,13,12,13,12,2,19,18,1
9,14,13,14,2,15,13,9,11
18,1,18,2,21,2,18,2,18
18,18,18,18,21,1,2,2,2
15,14,10,14,13,11,3,16,4
2,2,20,20,18,18,2,17,1
1,10,16,16,16,14,14,2,11
0,16,17,0,17,17,0,17,16
16,17,17,15,17,1,0,0,17
1,18,18,18,21,2,2,2,18
20,20,20,17,15,2,2,2,2
18,3,18,2,18,2,18,3,18
5,10,5,15,15,15,5,15,15
2,20,2,18,18,18,2,18,2
1,2,12,2,15,21,11,20,16
2,21,2,21,2,2,21,8,21
18,2,17,3,19,3,17,3,18
2,18,2,2,18,2,18,20,18
2,2,18,19,18,3,2,18,18
8,3,0,3,17,17,18,17,17
3,20,5,20,3,20,4,20,5
2,21,2,11,2,20,20,20,2
25,14,3,13,16,0,15,12,2
2,15,15,10,2,19,2,16,19
8,2,2,2,21,21,21,2,21
18,2,18,2,20,2,18,2,18
18,2,18,2,20,2,18,2,18
18,18,18,18,18,2,3,2,3
14,6,17,6,14,6,17,6,14
21,1,1,1,21,21,21,12,1
12,3,19,3,19,19,2,3,20
2,0,20,20,20,2,2,14,20
2,4,15,9,3,12,20,15,20
6,6,12,16,2,16,6,24,12
15,15,15,15,15,20,5,0,0
10,6,15,14,7,14,15,6,13
2,2,10,11,15,15,15,15,15
2,2,22,2,22,2,22,4,22
18,2,3,18,18,18,18,3,2
15,15,15,15,10,0,15,15,0
3,22,3,22,3,22,3,21,1
12,10,12,15,8,15,15,12,1
1,21,1,21,1,21,12,21,1
1,1,21,21,21,21,12,1,1
1,1,21,21,21,21,12,1,1
1,1,21,21,21,21,12,1,1
1,1,21,21,21,21,12,1,1
15,17,15,3,15,15,6,7,7
15,8,12,1,1,23,22,15,3
17,2,18,3,18,2,18,3,19
0,18,12,1,21,17,12,1,18
1,20,20,20,1,1,20,1,16
21,21,21,1,21,1,1,12,1
7,11,12,12,12,11,12,11,12
14,1,20,1,20,2,20,1,21
18,2,18,18,18,3,3,18,2
18,3,18,3,18,2,18,2,18
1,1,21,21,21,1,12,21,1
2,20,2,20,12,20,2,20,2
1,21,1,21,0,21,13,21,1
2,20,20,2,12,2,2,20,20
18,2,2,18,20,2,18,2,18
4,20,4,20,20,20,4,4,4
18,4,18,4,18,4,18,4,12
1,1,21,12,1,21,1,21,21
19,18,4,3,20,4,14,2,16
16,16,16,5,16,10,3,2,16
4,15,12,15,6,15,10,15,8
3,20,3,25,3,20,20,3,3
15,15,15,5,10,15,5,5,15
1,1,14,19,1,2,20,21,21
4,23,0,21,2,21,4,4,21
21,1,21,1,21,1,12,1,21
2,18,2,1,20,1,18,20,18
1,5,20,20,4,20,20,5,5
2,2,2,18,18,18,19,2,19
18,2,18,2,18,2,18,4,18
3,3,3,20,20,20,20,8,3
2,18,17,17,16,12,10,5,3
0,0,17,0,17,16,17,16,17
0,14,15,15,15,15,15,10,1
12,14,10,14,12,14,8,3,13
13,8,13,12,8,12,13,8,13
21,21,3,3,4,3,3,21,21
0,12,12,17,21,16,0,11,11
18,2,18,3,18,3,18,2,18
18,2,18,3,18,3,18,2,18
18,2,18,3,18,3,18,2,18
4,20,4,22,4,2,4,20,20
21,3,3,3,22,3,3,21,21
2,2,2,2,22,22,22,4,22
2,2,2,2,22,22,22,4,22
2,2,18,18,19,2,2,18,19
1,11,12,18,16,21,14,6,1
20,2,20,2,12,2,20,2,20
20,2,20,2,12,2,20,2,20
20,2,20,2,12,2,20,2,20
1,21,21,12,1,21,1,21,1
1,20,1,20,1,20,20,1,16
0,0,0,17,17,17,16,17,16
18,2,18,2,18,2,18,2,20
22,2,22,2,22,2,22,2,4
18,2,18,2,18,2,18,2,20
17,16,0,16,18,16,0,0,17
16,6,16,6,12,6,16,6,16
2,21,21,2,21,21,8,2,2
2,18,2,18,19,18,2,19,2
0,0,0,16,16,17,17,17,17
12,20,3,20,19,2,3,2,19
3,21,11,14,11,3,3,14,20
6,15,6,15,25,15,1,15,2
0,17,16,0,17,17,17,16,0
16,16,16,16,16,20,0,0,0
21,20,4,3,21,3,3,21,4
11,12,11,7,12,12,12,12,11
11,2,11,2,20,2,20,12,20
18,18,2,2,20,2,2,18,18
20,20,20,20,1,1,15,2,1
5,20,0,20,5,20,20,5,5
20,2,18,2,18,2,18,2,18
0,0,0,17,16,16,17,17,17
1,21,1,21,20,21,1,13,1
0,0,0,15,20,15,20,15,15
0,23,15,18,0,14,0,15,15
18,23,1,2,3,18,1,17,17
22,22,22,22,3,2,3,2,2
21,21,1,1,21,1,12,1,21
2,2,20,21,20,11,2,20,2
15,12,19,1,21,1,20,1,10
13,11,0,14,19,12,5,5,21
16,16,5,17,1,1,10,16,18
20,15,3,17,16,7,1,18,3
0,16,0,17,17,16,17,17,0
6,10,12,19,16,12,16,6,3
20,10,16,2,8,13,13,14,4
0,17,17,17,16,0,17,0,16
1,20,1,20,1,16,20,1,20
20,20,20,20,4,4,4,4,4
20,20,20,20,4,4,4,4,4
11,13,10,14,13,15,14,2,8
2,21,2,21,2,21,8,21,2
4,5,3,3,19,20,21,19,6
0,15,15,15,15,15,5,20,0
2,2,2,22,22,3,3,22,22
20,12,0,16,20,0,0,12,20
12,12,12,12,12,25,7,5,3
0,0,15,0,17,17,17,17,17
16,1,1,20,1,20,20,20,1
22,6,2,22,1,16,22,6,3
11,21,16,10,5,16,15,4,2
20,16,20,20,1,1,1,1,20
2,22,2,19,2,19,11,21,2
22,22,22,22,3,3,2,2,2
1,19,18,19,1,1,18,2,21
22,22,2,2,22,2,22,3,3
11,16,11,16,10,16,2,16,2
20,20,18,22,12,2,2,2,2
0,17,17,16,17,0,16,0,17
5,20,5,20,1,20,5,20,4
0,15,21,16,0,13,10,14,11
15,0,17,0,18,16,16,18,0
12,1,13,13,26,21,1,12,1
0,0,0,20,18,17,16,15,14
0,17,17,16,17,0,16,17,0
21,0,21,2,21,0,2,21,12
1,20,15,20,2,1,1,20,20
1,20,16,20,1,20,20,1,1
7,6,7,13,13,13,13,21,7
21,21,1,1,21,21,12,1,1
17,21,1,18,2,1,19,20,1
21,1,17,1,20,1,21,1,17
12,21,15,0,0,0,19,22,11
1,7,15,7,1,17,15,17,20
5,7,18,18,4,18,18,7,5
12,11,11,14,4,15,17,6,10
0,0,0,14,16,20,20,15,15
20,2,4,3,19,1,16,17,18
20,4,20,4,20,4,20,4,4
19,19,13,13,17,16,1,1,1
17,16,17,17,16,17,0,0,0
19,2,19,2,19,2,19,2,16
11,2,20,2,21,11,20,11,2
2,2,23,23,2,2,21,23,2
0,0,21,12,21,2,21,21,2
1,21,1,20,12,21,1,11,12
1,15,15,20,20,15,10,2,2
2,19,19,1,1,1,19,19,19
18,0,12,17,0,17,0,18,18
1,1,13,20,1,21,20,22,1
7,21,3,1,5,20,19,18,6
1,21,21,1,21,1,11,21,2
18,18,4,4,18,12,4,18,4
1,21,2,21,0,21,11,21,2
1,20,1,20,1,20,16,20,1
16,1,20,1,20,1,20,1,20
16,1,20,1,20,1,20,1,20
1,1,1,20,20,15,20,2,20
1,9,16,16,17,16,13,11,1
3,19,18,19,3,20,7,6,5
2,2,2,2,20,20,11,21,20
19,2,18,2,19,18,2,18,2
1,19,14,11,15,11,14,1,14
5,20,5,5,5,15,20,5,20
1,2,1,11,21,21,20,21,2
20,1,1,20,1,20,1,16,20
2,2,2,23,2,23,22,22,2
1,1,1,21,12,21,21,1,21
11,15,11,17,1,11,11,12,11
1,8,9,12,13,13,14,15,15
2,21,8,21,2,21,2,21,2
18,0,21,2,18,2,18,3,18
3,3,3,3,3,25,20,20,20
4,20,4,20,20,4,4,4,20
17,17,17,16,17,16,0,0,0
20,1,20,20,1,16,1,1,20
10,11,15,12,0,11,15,11,15
1,8,14,16,24,15,15,5,2
10,5,18,22,21,0,3,16,5
20,20,2,19,19,2,2,2,14
21,1,21,1,12,1,21,1,21
21,1,21,1,12,1,21,1,21
6,11,3,12,17,11,19,3,18
1,1,1,1,20,20,20,20,16
1,1,1,1,20,20,20,20,16
0,0,0,15,17,16,17,19,16
1,1,1,1,12,21,21,21,21
0,0,25,15,0,15,15,15,15
2,2,2,8,21,2,21,21,21
3,6,9,12,15,18,19,16,2
1,20,16,20,1,20,1,20,1
21,21,12,21,21,1,1,1,1
22,2,22,2,2,4,22,2,22
16,13,8,7,21,18,12,1,4
5,19,5,5,5,19,21,3,18
15,15,15,13,14,10,7,6,5
2,2,22,12,12,23,2,23,2
4,15,24,0,23,1,17,0,16
8,13,13,8,8,16,5,13,16
1,4,5,5,2,21,20,21,21
20,1,16,20,1,1,1,20,20
0,0,19,16,16,16,16,17,0
5,15,5,20,5,25,5,15,5
20,18,1,19,1,1,21,1,18
0,22,22,22,22,3,3,3,3
0,0,0,15,16,17,18,19,15
3,3,3,22,22,15,3,26,3
1,2,2,6,23,21,21,21,3
18,17,17,16,16,16,0,0,0
20,15,20,20,20,1,2,1,1
21,11,21,21,21,2,1,1,1
2,20,20,2,20,3,20,10,3
21,1,12,21,21,1,1,21,1
0,0,0,14,17,17,17,17,18
12,12,12,12,12,12,9,11,8
6,9,11,3,2,13,21,16,19
18,1,19,2,1,18,1,18,22
13,3,26,2,2,2,26,13,13
2,2,20,20,20,20,3,3,10
7,4,23,2,11,17,12,3,21
5,20,5,20,0,20,5,20,5
15,0,11,16,15,16,11,16,0
15,15,15,15,0,10,10,15,5
12,10,5,10,12,13,12,14,12
0,0,18,0,18,17,18,12,17
17,11,11,17,17,1,1,11,14
20,12,15,5,2,9,15,7,15
21,9,6,16,17,2,3,12,14
2,2,20,12,0,17,2,25,20
19,15,11,4,2,4,11,15,19
11,11,11,19,21,21,2,2,2
15,5,15,8,15,7,15,5,15
21,17,14,14,14,10,5,3,2
16,1,20,1,20,20,1,1,20
12,13,14,15,15,10,11,8,2
1,20,20,20,20,1,1,1,16
8,4,19,4,1,17,11,18,18
1,19,19,20,1,19,1,2,18
15,15,15,15,15,15,10,0,0
15,15,15,15,15,10,15,0,0
1,20,2,20,20,20,1,15,1
20,4,20,4,20,4,4,20,4
20,20,20,13,13,13,0,0,1
13,0,13,16,11,11,13,9,14
2,21,23,2,23,2,23,2,2
15,20,15,15,20,15,0,0,0
2,22,2,23,2,23,2,22,2
1,1,21,21,12,21,1,21,1
20,1,20,1,20,15,21,1,1
2,22,2,23,2,23,2,22,2
2,22,2,23,2,23,2,22,2
2,5,24,13,22,18,6,4,6
1,5,21,5,21,5,21,1,20
1,1,20,20,20,1,16,20,1
2,23,2,23,2,22,2,22,2
6,6,18,16,6,18,6,6,18
20,20,15,15,15,0,0,0,15
2,23,2,22,2,23,2,22,2
15,19,16,17,0,10,2,19,2
2,22,2,24,2,22,2,22,2
1,1,1,19,21,20,1,18,18
11,11,11,11,0,11,15,15,15
2,22,2,22,2,22,2,24,2
0,0,0,15,15,16,17,18,19
20,1,20,1,20,1,16,1,20
3,21,6,21,11,3,21,3,11
25,14,14,14,13,5,5,5,5
21,1,18,16,21,1,1,0,21
1,1,16,20,20,20,20,1,1
5,11,12,13,15,11,11,11,11
20,1,16,1,20,1,20,1,20
2,22,2,2,2,22,24,22,2
1,1,2,1,21,21,11,21,21
11,11,11,16,11,1,16,12,11
8,21,7,11,13,21,13,3,3
20,1,20,1,20,1,1,20,16
1,1,1,1,16,20,20,20,20
1,1,1,1,16,20,20,20,20
1,1,1,20,20,20,1,20,16
1,16,1,20,20,20,1,20,1
1,19,19,1,1,1,19,19,20
12,22,6,6,12,22,2,6,12
17,8,14,7,15,6,16,4,13
1,1,19,1,1,19,19,19,20
20,1,20,1,20,20,1,1,16
15,4,15,4,28,2,15,2,15
1,1,19,1,1,19,19,19,20
1,2,22,22,22,2,22,6,1
7,8,14,13,7,13,14,10,14
21,1,21,1,20,2,11,2,21
11,18,8,20,6,15,2,17,3
5,10,15,17,6,17,15,10,5
21,21,21,21,12,1,1,1,1
21,21,21,21,12,1,1,1,1
5,20,20,5,20,5,20,4,1
21,21,21,21,12,1,1,1,1
21,21,21,21,12,1,1,1,1
22,3,2,3,2,22,2,22,22
4,15,8,19,5,4,11,19,15
20,5,20,5,1,5,20,4,20
20,1,20,1,16,1,20,1,20
3,12,12,12,31,12,3,12,3
20,1,20,1,16,1,20,1,20
20,1,20,1,16,1,20,1,20
19,19,19,1,1,1,1,18,21
11,3,2,21,11,3,18,20,11
15,12,18,23,17,15,0,0,0
1,21,1,21,12,21,1,21,1
16,1,20,1,25,1,20,1,15
2,22,2,23,22,2,2,23,2
1,1,13,20,20,20,4,20,1
2,12,10,6,15,15,15,15,10
20,21,2,21,1,2,11,11,11
18,4,6,9,4,20,12,12,15
1,19,20,1,1,19,19,1,19
20,4,4,4,20,20,4,20,4
6,2,16,11,16,10,11,12,16
21,3,21,3,0,3,22,3,24
1,0,21,18,0,21,0,18,21
0,17,20,0,20,15,7,15,6
11,11,5,21,21,21,5,4,1
9,6,22,2,15,12,0,16,18
1,20,20,16,20,20,1,1,1
20,1,19,19,2,1,1,18,19
0,15,15,3,13,15,10,11,18
2,23,2,2,23,2,22,2,22
1,1,1,20,20,20,18,1,18
1,19,19,19,1,2,19,19,1
6,15,11,20,17,9,13,4,5
21,0,21,0,13,3,21,0,21
5,10,15,10,11,13,12,12,12
7,17,6,17,7,17,6,17,6
2,3,4,11,16,11,21,21,11
1,1,1,19,1,19,20,19,19
1,19,19,19,1,1,20,19,1
3,8,17,19,0,6,14,11,22
2,10,14,14,8,14,14,10,14
16,11,9,15,0,12,14,10,13
1,1,19,19,1,19,19,1,20
1,2,13,1,1,23,13,23,23
22,17,4,2,16,2,18,0,19
10,12,13,5,25,12,12,5,6
7,14,7,14,7,14,9,14,14
20,20,1,1,20,20,1,16,1
12,11,13,7,11,12,11,11,12
1,18,1,1,20,1,20,19,19
11,11,15,16,11,6,6,11,13
20,1,1,1,20,18,20,1,18
20,1,17,1,20,1,19,1,20
1,20,19,19,1,1,19,19,1
1,21,21,18,18,18,1,1,1
1,1,18,20,20,20,18,1,1
0,20,0,15,20,15,5,20,5
1,1,1,1,17,19,20,20,20
20,4,4,4,20,4,20,4,20
11,2,2,2,11,20,21,20,11
18,20,19,19,1,1,1,1,20
0,0,0,0,21,21,21,16,21
0,11,11,14,0,18,18,17,11
10,19,0,15,20,15,5,15,1
12,12,12,10,8,10,12,12,12
18,20,18,21,18,1,2,1,1
1,2,16,18,26,18,16,2,1
1,19,19,19,2,19,19,1,1
8,11,11,12,12,12,12,11,11
19,1,19,1,1,1,19,20,19
1,19,1,19,1,19,20,19,1
19,1,1,1,1,19,19,19,20
1,6,14,16,26,16,14,6,1
1,19,1,19,1,19,2,19,19
1,19,1,19,1,19,2,19,19
1,20,1,20,16,20,1,1,20
1,1,19,19,1,19,19,20,1
2,2,20,23,2,24,2,23,2
4,24,4,4,16,4,11,19,14
6,16,11,11,21,16,6,6,7
21,0,15,21,0,21,0,21,1
8,11,11,11,11,12,12,12,12
2,22,2,2,2,24,2,22,22
14,1,10,17,1,10,16,14,17
13,8,12,15,7,15,14,8,8
19,1,19,20,1,1,19,19,1
5,8,25,15,15,16,14,1,1
1,14,14,3,23,2,2,26,15
1,17,7,18,6,17,12,10,12
19,19,1,1,2,19,19,1,19
2,1,1,1,19,19,19,19,19
1,18,1,19,21,19,1,19,1
1,1,1,11,11,21,21,12,21
20,5,20,5,0,5,20,5,20
20,5,20,5,0,5,20,5,20
20,5,20,5,0,5,20,5,20
20,20,15,15,15,15,0,0,0
20,5,20,5,0,5,20,5,20
20,20,16,20,20,1,1,1,1
19,1,1,1,1,19,19,20,19
19,19,1,1,1,19,19,1,20
1,1,21,18,19,1,1,20,18
1,19,19,19,2,19,1,19,1
22,2,23,2,2,22,2,23,2
1,19,1,19,1,19,19,20,1
1,19,1,19,1,19,19,20,1
1,19,1,19,1,19,1,19,20
15,0,25,20,15,1,4,5,15
13,2,21,16,19,10,6,11,2
2,21,21,2,27,21,2,2,2
1,20,1,20,16,20,1,20,1
15,17,19,14,15,9,7,2,2
0,21,21,21,21,2,2,10,2
18,1,1,20,20,20,18,1,1
20,10,1,16,20,15,16,1,1
5,4,4,13,4,31,13,13,13
21,1,11,12,21,1,1,11,21
2,1,9,1,20,12,20,20,15
16,3,11,4,9,17,16,16,8
0,0,21,21,0,16,21,21,0
20,1,20,20,16,1,1,20,1
5,16,13,19,11,8,6,18,4
1,20,19,19,1,19,1,19,1
13,7,13,7,13,7,13,7,20
3,12,3,12,3,12,12,12,31
0,19,2,19,0,19,20,19,2
20,20,20,20,16,1,1,1,1
20,20,20,20,16,1,1,1,1
20,20,20,20,16,1,1,1,1
1,2,12,12,24,12,12,24,1
20,18,16,14,12,8,6,4,2
20,20,1,1,20,18,1,1,18
10,5,16,16,16,16,5,6,10
24,5,20,2,5,2,20,2,20
18,18,1,19,1,1,18,23,1
19,1,19,19,1,19,2,19,1
3,18,4,18,10,18,5,18,6
1,21,21,21,22,11,1,1,1
18,5,17,21,1,6,2,23,7
1,19,19,19,1,19,1,20,1
3,17,3,3,27,3,17,5,22
4,11,19,3,11,19,3,11,19
21,21,21,21,0,16,0,0,0
0,21,0,21,0,21,16,21,0
22,16,5,9,0,0,17,17,14
5,5,15,10,5,15,15,20,10
1,8,15,15,25,15,15,5,1
12,11,11,15,11,12,10,3,15
23,21,3,3,18,4,3,22,3
1,21,11,21,21,2,11,1,11
1,2,3,11,22,21,8,12,20
15,17,26,11,12,13,3,2,1
21,21,20,12,12,11,1,1,1
16,1,18,20,25,1,1,17,1
2,2,2,2,27,2,21,21,21
19,19,19,19,1,1,1,1,20
15,0,17,10,20,5,17,1,15
0,10,15,15,15,15,15,10,5
1,1,1,1,20,19,19,19,19
1,1,1,1,20,19,19,19,19
20,9,18,6,16,4,14,1,12
1,1,1,1,20,19,19,19,19
1,1,1,1,20,19,19,19,19
1,1,1,1,20,19,19,19,19
1,1,1,1,20,19,19,19,19
2,7,17,3,11,19,5,13,23
12,11,11,11,7,12,11,11,14
1,6,11,6,12,16,11,16,21
15,24,0,20,0,15,12,5,9
12,21,2,26,7,2,17,11,2
12,11,11,11,11,8,12,12,12
18,1,18,1,24,1,18,1,18
18,1,18,1,24,1,18,1,18
4,13,4,13,32,13,4,13,4
15,3,12,12,18,5,10,15,10
1,3,5,4,10,21,21,15,20
1,2,0,15,0,17,20,25,20
10,15,12,13,10,12,13,5,10
3,3,3,33,3,13,13,16,13
21,11,16,6,5,11,3,6,21
9,12,9,12,10,12,12,12,12
5,5,6,6,24,15,6,18,15
0,20,0,21,0,21,1,18,19
17,19,11,17,19,11,2,2,2
19,13,1,19,1,1,19,2,25
13,13,8,8,7,13,6,12,20
6,20,12,12,6,12,10,12,10
5,5,20,5,7,18,20,20,0
5,20,0,0,15,23,23,0,14
19,19,19,19,2,19,1,1,1
0,16,23,15,1,17,1,25,2
1,1,19,1,19,1,20,19,19
21,21,21,0,12,21,0,4,0
0,5,10,12,17,11,15,17,13
19,19,18,19,19,2,1,1,2
20,20,20,20,10,2,2,2,4
1,19,19,15,1,15,10,1,19
1,21,2,21,11,21,1,21,1
22,12,0,0,0,18,21,9,18
19,20,19,19,1,19,1,1,1
15,4,12,10,13,6,10,15,15
11,15,6,23,11,4,17,2,11
2,23,2,23,2,22,2,23,1
5,15,10,20,5,5,10,15,15
12,7,11,12,10,14,13,9,12
10,20,20,20,5,1,3,20,1
15,5,15,5,10,5,20,5,20
19,1,19,1,20,1,19,1,19
19,1,19,1,20,1,19,1,19
19,1,19,1,20,1,19,1,19
19,1,19,1,20,1,19,1,19
19,1,19,1,20,1,19,1,19
5,2,18,15,20,5,27,3,5
19,1,19,1,20,1,19,1,19
19,1,19,1,20,1,19,1,19
1,1,1,19,20,19,19,1,19
19,1,19,1,20,1,19,1,19
19,1,19,1,20,1,19,1,19
19,1,19,1,20,1,19,1,19
15,20,15,15,0,10,0,15,10
19,1,19,1,20,1,19,1,19
18,20,0,17,0,18,0,17,10
19,1,19,1,20,1,19,1,19
19,1,19,1,20,1,19,1,19
1,19,1,19,20,1,19,19,1
1,19,1,19,20,1,19,19,1
2,19,1,19,19,19,1,19,1
5,2,9,20,20,20,2,20,2
11,6,11,7,16,16,16,6,11
1,19,1,2,19,1,19,19,19
1,1,1,1,19,19,19,19,20
1,1,1,1,19,19,19,19,20
1,1,1,2,19,19,19,19,19
1,1,1,2,19,19,19,19,19
1,1,1,2,19,19,19,19,19
1,2,19,19,19,19,19,1,1
20,5,5,5,20,5,5,15,20
20,20,20,18,18,1,1,1,1
9,10,11,12,13,14,15,16,0
1,1,1,19,19,19,19,2,19
19,1,19,1,19,1,19,2,19
1,24,23,22,2,1,3,22,2
1,1,19,19,19,19,19,2,1
15,13,12,11,9,12,12,8,8
1,1,2,19,19,1,19,19,19
1,19,1,19,19,19,1,19,2
1,19,1,19,19,19,1,19,2
5,10,20,15,15,5,5,10,15
16,11,11,11,2,11,11,11,16
20,20,3,2,5,15,5,10,20
13,8,15,12,9,10,13,13,7
0,15,15,0,9,15,20,16,10
0,22,23,21,13,0,0,14,7
20,3,20,20,5,20,0,10,2
5,4,10,4,6,16,25,14,16
2,2,2,4,20,20,10,20,20
19,1,1,1,20,19,19,19,1
13,15,16,10,17,23,5,0,1
0,20,20,5,5,5,20,5,20
11,2,11,21,1,11,11,21,11
20,20,0,0,20,20,18,0,2
11,20,5,20,1,25,2,15,1
0,1,19,1,21,19,1,19,19
11,9,15,8,14,6,17,16,4
15,5,15,10,5,20,10,15,5
1,1,19,1,19,19,19,20,1
4,26,2,26,13,2,13,13,1
3,11,17,7,11,18,11,2,20
19,1,19,1,19,2,19,1,19
0,21,22,0,1,22,12,22,0
7,16,7,16,8,16,7,16,7
10,5,5,15,20,15,5,15,10
24,3,19,3,25,3,3,17,3
21,21,2,2,27,2,21,2,2
7,7,7,11,11,12,15,15,15
1,1,11,21,21,11,11,21,2
0,1,20,1,18,20,20,19,1
3,1,6,15,5,10,20,20,20
19,1,20,1,19,1,19,1,19
20,20,20,0,0,0,20,0,20
9,11,9,11,12,12,12,12,12
15,9,15,6,15,15,15,9,1
20,2,20,3,10,2,3,20,20
3,4,22,11,26,6,22,3,3
19,1,19,1,19,1,20,1,19
19,1,19,1,19,1,20,1,19
2,1,11,21,21,11,11,11,11
20,0,0,0,0,20,20,20,20
20,0,0,0,0,20,20,20,20
19,1,19,1,19,1,19,1,20
13,10,19,5,0,3,23,23,4
19,1,19,1,19,1,19,1,20
19,1,19,2,19,1,19,1,19
1,1,19,19,19,19,20,1,1
6,7,8,9,12,13,14,16,15
10,20,8,5,4,3,15,20,15
23,22,2,2,2,2,2,22,23
23,22,2,2,2,2,2,22,23
1,19,1,19,20,19,1,19,1
1,19,1,19,20,19,1,19,1
19,19,19,1,20,1,1,19,1
1,19,1,19,20,19,1,19,1
1,19,1,19,20,19,1,19,1
1,19,1,19,20,19,1,19,1
1,19,1,19,20,19,1,19,1
1,19,1,19,20,19,1,19,1
20,11,5,16,11,11,3,11,12
20,1,19,1,19,1,19,1,19
11,11,11,11,21,21,11,1,2
0,20,0,0,0,20,20,20,20
5,11,11,15,20,11,11,5,11
0,20,20,0,1,19,0,20,20
0,0,20,0,0,20,20,20,20
14,7,14,8,14,8,14,7,14
0,0,20,0,0,20,20,20,20
0,0,20,0,0,20,20,20,20
12,12,12,12,12,12,10,9,9
6,8,20,15,14,15,7,10,5
21,21,10,20,20,2,2,2,2
20,20,20,0,0,0,0,20,20
2,23,2,23,0,23,2,23,2
11,11,5,20,0,20,11,11,11
16,16,16,6,11,6,11,11,7
19,19,19,19,19,1,1,1,2
19,19,19,19,19,1,1,1,2
13,12,14,15,7,12,8,10,9
20,0,20,0,0,20,20,0,20
10,15,5,20,0,20,5,10,15
20,1,19,0,20,0,19,1,20
8,7,12,13,13,12,16,10,9
20,0,0,20,0,0,20,20,20
19,19,1,19,20,1,19,1,1
1,11,21,11,12,11,21,11,1
11,8,16,5,0,9,17,18,16
19,1,1,1,19,19,19,1,20
20,0,0,3,20,20,0,20,17
20,1,20,7,1,6,20,5,20
15,20,15,20,15,10,4,0,1
1,19,1,19,19,19,2,19,1
21,16,11,6,6,11,12,6,11
0,0,20,20,0,0,20,20,20
0,20,0,19,0,20,20,20,1
15,15,15,20,10,15,0,0,10
1,19,1,1,19,19,1,20,19
3,11,0,3,23,3,23,11,23
19,20,1,1,19,1,19,1,19
20,20,0,0,0,20,0,20,20
21,11,1,16,1,26,1,21,2
0,20,1,21,0,20,19,0,19
1,19,1,19,19,20,19,1,1
3,20,3,3,3,30,20,15,3
0,21,0,0,0,19,18,22,20
20,0,20,0,20,0,15,10,15
5,20,5,10,15,5,5,15,20
2,5,1,16,3,28,21,16,8
20,20,0,20,0,0,20,0,20
20,0,20,20,0,0,20,0,20
20,0,20,20,0,0,20,0,20
15,5,18,5,20,5,10,2,20
0,3,23,23,0,23,3,22,3
0,20,20,0,0,20,0,20,20
10,10,21,14,21,1,1,1,21
8,14,24,17,13,7,6,7,4
20,20,0,0,0,20,20,20,0
20,0,20,0,0,20,20,20,0
11,11,11,16,11,21,6,11,2
1,11,11,21,2,11,11,21,11
19,19,19,19,20,1,1,1,1
19,19,19,19,20,1,1,1,1
19,19,19,19,20,1,1,1,1
19,19,19,19,20,1,1,1,1
19,19,19,19,20,1,1,1,1
19,19,19,19,20,1,1,1,1
11,11,11,15,16,15,7,7,7
19,19,19,19,20,1,1,1,1
19,19,19,19,20,1,1,1,1
13,7,13,10,13,13,8,10,13
19,1,19,1,19,1,1,20,19
0,21,19,19,0,0,20,0,21
0,0,0,20,0,20,20,20,20
0,0,0,20,0,20,20,20,20
0,0,0,20,0,20,20,20,20
0,0,28,12,12,12,12,12,12
10,0,0,14,16,0,20,20,20
20,0,20,20,0,0,0,20,20
0,0,0,21,21,20,20,11,7
21,21,21,21,16,0,0,0,0
19,19,19,19,19,1,1,2,1
1,19,1,19,19,20,1,1,19
7,10,12,12,19,12,10,5,13
20,0,5,20,20,0,20,0,15
19,20,19,1,19,1,1,19,1
2,2,25,20,25,2,2,20,2
0,20,20,20,0,0,0,20,20
0,20,20,20,0,0,0,20,20
0,20,20,20,0,0,0,20,20
12,15,7,14,8,13,9,12,10
20,0,20,5,5,5,5,20,20
7,7,7,17,17,19,17,7,2
0,0,0,20,20,20,15,15,10
3,5,7,9,11,13,15,17,20
3,5,7,9,11,13,15,17,20
11,11,11,21,2,11,11,11,11
2,9,11,8,15,5,20,17,13
20,20,0,20,0,0,20,20,0
20,0,20,20,0,0,20,20,0
0,20,0,20,0,20,20,0,20
5,20,10,15,10,5,15,5,15
0,20,0,20,0,20,20,0,20
20,4,6,5,15,20,5,15,10
19,1,1,19,19,1,19,20,1
0,0,0,0,22,22,22,22,12
23,15,3,14,23,3,3,8,8
0,20,20,20,0,0,20,20,0
20,0,0,20,0,20,0,20,20
1,19,1,19,19,19,1,20,1
1,19,1,19,19,19,1,20,1
3,2,4,13,21,26,26,2,3
19,20,1,19,19,1,19,1,1
2,15,2,15,17,2,2,30,15
6,16,6,6,11,11,16,22,6
0,20,0,20,0,20,0,20,20
0,20,0,20,0,20,0,20,20
0,20,0,20,0,20,0,20,20
0,20,0,20,0,20,0,20,20
0,20,0,20,0,20,0,20,20
0,20,0,20,0,20,0,20,20
19,19,19,19,19,2,1,1,1
0,0,20,20,0,20,0,20,20
12,12,16,11,8,8,11,12,10
19,19,19,1,19,20,1,1,1
2,2,2,2,2,25,20,20,25
0,0,0,0,21,20,20,20,19
0,0,1,20,20,20,1,20,18
13,15,13,30,20,4,2,1,2
19,19,20,19,19,1,1,1,1
18,16,22,20,16,0,0,8,0
19,1,1,20,19,19,1,19,1
21,12,21,11,11,6,6,6,6
0,20,0,20,0,20,20,20,0
0,20,0,20,0,20,20,20,0
0,20,0,20,0,20,20,20,0
15,10,5,24,0,16,15,10,5
0,21,0,21,20,17,0,21,0
0,20,20,20,0,20,0,0,20
25,4,15,4,24,4,4,4,16
19,19,1,1,19,19,1,20,1
1,19,0,10,20,20,17,0,13
20,19,19,19,19,1,1,1,1
20,19,19,19,19,1,1,1,1
20,19,19,19,19,1,1,1,1
20,19,19,19,19,1,1,1,1
20,19,19,19,19,1,1,1,1
20,19,19,19,19,1,1,1,1
20,19,19,19,19,1,1,1,1
20,19,19,19,19,1,1,1,1
20,19,19,19,19,1,1,1,1
4,9,8,12,13,11,11,19,13
15,10,15,10,20,0,15,0,15
24,3,7,2,7,19,17,18,3
13,9,12,12,10,15,13,7,9
2,15,15,15,2,2,2,32,15
4,5,7,9,11,13,15,17,19
1,2,1,11,11,11,21,21,21
0,20,20,20,0,20,20,0,0
2,18,18,18,18,2,10,4,10
9,1,11,6,16,13,4,22,18
3,18,7,17,3,17,29,3,3
1,3,4,7,11,14,17,20,23
0,21,0,17,0,19,23,0,20
21,21,5,21,0,1,0,10,21
21,7,14,5,10,5,13,5,20
10,10,5,20,15,5,2,15,18
12,10,15,15,9,15,14,10,0
1,16,9,0,20,19,18,17,0
12,11,14,15,7,8,15,10,8
0,20,0,0,20,0,20,20,20
23,3,19,3,23,3,0,3,23
20,20,15,15,10,10,3,3,4
0,20,0,0,20,0,20,20,20
0,20,0,0,20,0,20,20,20
1,2,2,10,20,5,20,20,20
3,12,10,17,10,20,15,4,9
9,12,11,12,11,12,11,11,11
0,0,20,0,20,0,20,20,20
0,20,20,20,0,20,0,20,0
0,20,20,20,0,20,0,20,0
0,20,20,20,0,20,0,20,0
15,10,17,9,2,10,13,11,13
1,1,23,2,23,2,23,2,23
0,2,5,15,28,15,21,13,1
23,9,12,13,14,15,5,1,8
4,4,4,4,30,4,20,15,15
0,0,12,0,0,22,22,22,22
10,10,15,15,10,5,15,5,15
20,20,0,0,20,0,20,0,20
1,8,10,12,14,16,18,20,1
15,15,5,6,7,8,20,14,10
20,0,20,0,20,0,20,0,20
20,0,20,0,20,0,20,0,20
20,0,20,0,20,0,20,0,20
20,0,20,0,20,0,20,0,20
20,0,20,0,20,0,20,0,20
20,0,20,0,20,0,20,0,20
20,0,20,0,20,0,20,0,20
20,0,20,0,20,0,20,0,20
20,0,20,0,20,0,20,0,20
20,0,20,0,20,0,20,0,20
20,0,20,0,20,0,20,0,20
20,0,20,0,20,0,20,0,20
20,0,20,0,20,0,20,0,20
20,0,20,0,20,0,20,0,20
20,0,20,0,20,0,20,0,20
20,0,20,0,20,0,20,0,20
20,0,20,0,20,0,20,0,20
20,0,20,0,20,0,20,0,20
20,0,20,0,20,0,20,0,20
20,0,20,0,20,0,20,0,20
20,0,20,0,20,0,20,0,20
20,0,20,0,20,0,20,0,20
20,0,20,0,20,0,20,0,20
20,0,20,0,20,0,20,0,20
20,0,20,0,20,0,20,0,20
20,0,20,0,20,0,20,0,20
20,0,20,0,20,0,20,0,20
20,0,20,0,20,0,20,0,20
20,0,20,0,20,0,20,0,20
20,0,20,0,20,0,20,0,20
20,0,20,0,20,0,20,0,20
20,0,20,0,20,0,20,0,20
20,0,20,0,20,0,20,0,20
20,0,20,0,20,0,20,0,20
20,0,20,0,20,0,20,0,20
20,0,20,0,20,0,20,0,20
20,0,20,0,20,0,20,0,20
20,0,20,0,20,0,20,0,20
20,0,20,0,20,0,20,0,20
20,20,20,20,0,20,0,0,0
20,20,20,20,0,20,0,0,0
15,1,30,1,1,15,21,15,1
11,2,20,1,22,10,20,10,4
20,17,15,13,11,9,7,5,3
1,11,15,8,11,17,10,15,12
4,16,16,9,16,9,16,4,10
0,0,0,0,20,20,20,20,20
0,0,0,0,20,20,20,20,20
0,0,0,0,20,20,20,20,20
0,0,0,0,20,20,20,20,20
0,0,0,0,20,20,20,20,20
0,0,0,0,20,20,20,20,20
0,0,0,0,20,20,20,20,20
0,0,0,0,20,20,20,20,20
0,0,0,0,20,20,20,20,20
0,0,0,0,20,20,20,20,20
0,0,0,0,20,20,20,20,20
0,0,0,0,20,20,20,20,20
0,0,0,0,20,20,20,20,20
0,0,0,0,20,20,20,20,20
0,0,0,0,20,20,20,20,20
0,0,0,0,20,20,20,20,20
12,16,7,1,22,13,1,1,27
20,20,10,15,10,15,3,3,4
20,0,20,0,20,0,0,20,20
20,0,20,0,20,0,0,20,20
8,16,9,16,2,16,9,16,8
15,15,20,14,10,5,8,3,10
0,22,4,22,4,22,4,22,0
5,2,9,23,9,14,17,13,8
12,12,11,11,11,12,12,9,10
1,23,2,23,2,23,2,23,1
10,15,15,15,15,10,10,5,5
20,0,20,0,20,0,20,20,0
1,5,10,15,20,20,15,9,5
0,20,0,0,20,20,20,0,20
0,0,20,0,20,20,20,0,20
26,13,11,11,3,2,11,11,12
13,11,9,11,16,13,8,7,12
2,2,2,9,10,15,20,20,20
0,20,20,0,20,0,20,20,0
2,11,11,16,21,26,1,11,1
4,10,16,17,13,14,8,8,10
15,5,20,15,8,18,8,9,2
11,14,13,12,9,24,2,6,9
13,11,11,11,11,1,11,20,11
5,5,15,15,10,10,10,15,15
12,12,12,12,20,8,8,8,8
0,0,20,0,20,20,0,20,20
0,0,20,0,20,20,0,20,20
1,2,23,2,23,2,1,23,23
10,1,19,5,15,2,18,10,20
11,11,11,11,21,11,11,11,2
12,11,11,12,11,9,12,11,11
20,15,18,17,10,0,20,0,0
0,20,0,20,20,0,20,0,20
0,20,0,20,20,0,20,0,20
15,7,20,8,11,4,13,10,12
10,0,0,18,18,18,18,18,0
4,5,18,13,28,2,10,4,16
7,9,12,10,13,13,9,15,12
0,20,0,20,20,19,0,20,1
20,0,0,20,20,0,0,20,20
0,0,22,22,22,22,12,0,0
8,8,17,17,8,0,17,17,8
20,20,20,0,20,0,0,20,0
0,20,20,0,20,20,0,0,20
0,20,20,0,20,20,0,0,20
11,9,11,12,11,11,12,11,12
0,20,0,20,20,0,0,20,20
20,20,0,0,20,20,20,0,0
20,0,20,0,20,20,20,0,0
15,15,25,0,15,0,25,0,5
2,21,2,31,2,21,2,17,2
15,20,20,9,5,9,2,5,15
1,1,8,10,12,14,16,18,20
10,10,2,5,5,5,21,21,21
20,0,20,0,5,5,20,10,20
10,15,5,15,2,10,3,15,25
1,5,19,19,20,20,10,5,1
10,12,8,14,7,16,9,13,11
20,0,20,20,20,0,0,0,20
6,9,11,16,14,13,12,10,9
8,10,11,15,9,14,12,13,8
21,2,2,8,22,2,12,8,23
15,9,7,11,12,20,13,7,6
15,5,5,10,15,10,20,5,15
0,0,20,20,20,0,20,20,0
15,10,15,10,5,10,15,5,15
20,20,0,0,20,20,0,20,0
11,7,15,26,2,21,3,5,10
10,11,12,12,10,11,12,12,10
2,18,2,18,6,25,2,25,2
10,11,12,12,10,12,12,11,10
20,20,0,20,20,0,20,0,0
20,20,30,15,3,3,3,3,3
8,4,5,10,10,13,14,20,16
1,1,23,22,21,20,10,1,1
2,27,2,10,2,16,17,22,2
11,11,21,11,11,11,2,11,11
0,20,20,0,20,20,0,20,0
2,15,2,25,2,25,2,25,2
11,11,10,21,11,12,13,0,11
11,11,11,11,9,12,11,11,13
22,22,22,23,7,1,1,1,1
23,0,22,21,0,12,0,22,0
0,20,20,20,20,0,20,0,0
20,0,0,20,20,20,0,0,20
20,20,20,0,20,20,0,0,0
0,0,0,20,20,20,20,20,0
0,0,0,20,20,20,20,20,0
20,0,20,20,20,0,0,20,0
20,0,20,20,20,0,0,20,0
16,18,10,23,0,14,0,11,8
15,19,17,17,17,7,8,0,0
0,0,20,20,20,20,20,0,0
0,0,20,20,20,20,20,0,0
20,20,20,20,20,0,0,0,0
20,20,20,20,20,0,0,0,0
20,20,20,20,20,0,0,0,0
20,20,20,20,20,0,0,0,0
20,20,20,20,20,0,0,0,0
20,20,20,20,20,0,0,0,0
20,20,20,20,20,0,0,0,0
20,20,20,20,20,0,0,0,0
20,20,20,20,20,0,0,0,0
20,20,20,20,20,0,0,0,0
20,20,20,20,20,0,0,0,0
20,20,20,20,20,0,0,0,0
20,20,20,20,20,0,0,0,0
20,20,20,20,20,0,0,0,0
20,20,20,20,20,0,0,0,0
20,20,20,20,20,0,0,0,0
20,20,20,20,20,0,0,0,0
20,20,20,20,20,0,0,0,0
20,20,20,20,20,0,0,0,0
20,20,20,20,20,0,0,0,0
20,5,5,12,2,10,10,21,15
5,10,5,20,20,20,5,10,5
6,6,6,20,20,20,6,10,6
6,17,21,2,27,3,8,5,11
20,5,15,5,20,9,5,1,20
1,2,17,19,18,3,10,20,10
11,11,11,12,10,12,11,11,11
5,10,5,10,15,10,15,15,15
18,10,2,1,19,1,20,8,21
1,10,20,15,5,9,15,10,15
7,3,14,13,27,7,0,18,11
5,6,14,10,18,9,17,7,14
11,12,11,12,10,11,11,11,11
9,14,4,16,25,9,4,12,7
0,20,0,20,20,20,0,20,0
0,20,0,20,20,20,0,20,0
0,20,0,20,20,20,0,20,0
0,20,0,20,20,20,0,20,0
0,20,0,20,20,20,0,20,0
0,20,0,20,20,20,0,20,0
0,20,0,20,20,20,0,20,0
0,20,0,20,20,20,0,20,0
0,20,0,20,20,20,0,20,0
0,20,0,20,20,20,0,20,0
0,20,0,20,20,20,0,20,0
0,20,0,20,20,20,0,20,0
0,20,0,20,20,20,0,20,0
0,20,0,20,20,20,0,20,0
12,2,20,10,4,2,18,5,27
10,11,12,11,12,13,12,9,10
7,11,7,11,3,13,10,15,23
1,1,15,15,8,20,20,10,10
11,11,11,11,10,11,12,11,12
21,1,20,1,25,1,20,1,10
10,14,10,15,0,16,15,10,10
15,10,10,20,20,20,2,2,1
25,23,21,0,0,0,0,19,12
10,15,11,11,13,13,11,8,8
2,2,10,2,2,15,20,20,27
19,18,0,17,10,0,17,19,0
11,11,11,23,0,11,11,11,11
0,20,20,20,20,20,0,0,0
0,20,20,20,20,20,0,0,0
14,8,14,16,10,12,9,6,11
2,24,2,24,2,23,2,11,10
9,13,9,13,12,13,9,13,9
1,23,1,23,4,23,1,23,1
0,0,22,9,21,21,3,2,22
3,3,3,25,21,25,10,5,5
11,12,11,12,10,10,11,11,12
1,4,2,8,8,14,23,17,23
15,25,15,20,10,5,5,4,1
8,5,12,9,14,11,8,16,17
2,2,2,20,20,30,20,2,2
11,11,11,11,0,23,11,11,11
12,11,11,11,10,11,11,11,12
12,11,11,11,10,11,11,11,12
5,5,10,20,20,20,10,5,5
10,11,11,11,11,11,18,15,2
10,11,11,12,12,12,11,11,10
3,9,9,12,11,21,11,11,13
6,1,11,11,5,12,17,11,26
10,10,12,10,10,12,12,12,12
10,10,12,10,10,12,12,12,12
5,20,5,20,10,5,20,5,10
2,30,2,20,2,20,2,20,2
10,15,15,10,0,10,15,15,10
11,11,11,12,12,11,11,11,10
8,15,8,15,8,15,8,15,8
20,18,16,12,10,8,7,6,3
10,10,10,12,10,12,12,12,12
11,11,11,11,11,11,12,11,11
11,11,11,11,11,11,12,11,11
11,11,11,11,11,11,12,11,11
11,11,11,11,11,11,12,11,11
11,11,11,11,11,11,12,11,11
11,11,11,11,11,11,12,11,11
11,11,11,11,11,11,12,11,11
11,11,11,11,11,11,12,11,11
11,11,11,11,11,11,12,11,11
11,11,11,11,11,11,12,11,11
11,11,11,11,11,11,12,11,11
11,11,11,11,11,11,12,11,11
11,11,11,11,11,11,12,11,11
11,11,11,11,11,11,12,11,11
11,11,11,11,11,11,12,11,11
11,11,11,11,11,11,12,11,11
11,11,11,11,11,11,12,11,11
11,11,11,11,11,11,12,11,11
11,11,11,11,11,11,12,11,11
11,11,11,11,11,11,12,11,11
11,11,11,11,11,11,12,11,11
11,11,11,11,11,11,12,11,11
9,8,6,17,7,14,11,11,17
11,11,11,11,11,11,12,11,11
11,12,10,12,10,12,10,12,11
11,11,12,11,11,11,11,11,11
11,11,12,11,11,11,11,11,11
11,11,12,11,11,11,11,11,11
11,11,12,11,11,11,11,11,11
11,11,12,11,11,11,11,11,11
11,11,12,11,11,11,11,11,11
11,11,12,11,11,11,11,11,11
11,11,12,11,11,11,11,11,11
11,11,12,11,11,11,11,11,11
11,11,12,11,11,11,11,11,11
11,11,12,11,11,11,11,11,11
11,11,12,11,11,11,11,11,11
12,11,12,11,10,11,10,11,12
15,0,10,10,12,15,13,10,15
11,11,11,11,11,11,11,12,11
11,11,11,11,11,11,11,12,11
11,11,11,11,11,11,11,12,11
11,11,11,11,11,11,11,12,11
11,11,11,11,11,11,11,12,11
11,11,11,11,11,11,11,12,11
11,11,11,11,11,11,11,12,11
11,11,11,11,11,11,11,12,11
11,11,11,11,11,11,11,12,11
11,11,11,11,11,11,11,12,11
11,11,11,11,11,11,11,12,11
11,11,11,11,11,11,11,12,11
11,11,11,11,11,11,11,12,11
11,11,11,11,11,11,11,12,11
11,11,11,11,11,11,11,12,11
11,11,11,11,11,11,11,12,11
11,11,11,11,11,11,11,12,11
11,11,11,11,11,11,11,12,11
11,11,11,11,11,11,11,12,11
11,11,11,11,11,11,11,12,11
11,11,11,11,11,11,11,12,11
11,11,11,11,11,11,11,12,11
11,11,11,11,11,11,11,12,11
11,11,11,11,11,11,11,12,11
11,11,11,11,11,11,11,12,11
11,11,11,11,11,11,11,12,11
11,11,11,11,11,11,11,12,11
11,11,11,11,11,11,11,12,11
11,11,11,11,11,11,11,12,11
11,11,11,11,11,11,11,12,11
11,11,11,11,11,11,11,12,11
11,11,11,11,11,11,11,12,11
11,11,11,11,11,11,11,12,11
11,11,11,11,11,11,11,12,11
11,11,11,11,11,11,11,12,11
11,11,11,11,11,11,11,12,11
11,11,11,11,11,11,11,12,11
11,11,5,26,8,0,12,16,11
10,10,15,12,15,15,3,10,10
11,11,11,11,11,12,11,11,11
11,11,11,11,11,12,11,11,11
11,11,11,11,11,12,11,11,11
11,11,11,11,11,12,11,11,11
11,11,11,11,11,12,11,11,11
11,11,11,11,11,12,11,11,11
11,11,11,11,11,12,11,11,11
11,11,11,11,11,12,11,11,11
11,11,11,11,11,12,11,11,11
11,11,11,11,11,12,11,11,11
11,11,11,11,11,12,11,11,11
11,11,11,11,11,12,11,11,11
11,11,11,11,11,12,11,11,11
11,11,11,11,11,12,11,11,11
11,11,11,11,11,12,11,11,11
11,11,11,11,11,12,11,11,11
11,11,11,11,11,12,11,11,11
11,11,11,11,11,12,11,11,11
11,11,11,11,11,12,11,11,11
11,11,11,11,11,12,11,11,11
11,11,11,11,11,12,11,11,11
11,11,11,11,11,12,11,11,11
11,11,11,11,11,12,11,11,11
11,11,11,11,11,12,11,11,11
11,11,11,11,11,12,11,11,11
11,11,11,11,11,12,11,11,11
11,11,11,11,11,12,11,11,11
11,11,11,11,11,12,11,11,11
11,11,11,11,11,12,11,11,11
11,11,11,11,11,12,11,11,11
11,11,11,11,11,12,11,11,11
11,11,11,11,11,12,11,11,11
11,11,11,11,11,12,11,11,11
11,11,11,11,11,12,11,11,11
11,11,11,11,11,12,11,11,11
11,11,11,11,11,12,11,11,11
11,11,11,12,11,11,11,11,11
11,11,11,12,11,11,11,11,11
11,11,11,12,11,11,11,11,11
11,11,11,12,11,11,11,11,11
11,11,11,12,11,11,11,11,11
11,11,11,12,11,11,11,11,11
11,11,11,12,11,11,11,11,11
11,11,11,12,11,11,11,11,11
11,11,11,12,11,11,11,11,11
11,11,11,12,11,11,11,11,11
11,11,11,12,11,11,11,11,11
11,11,11,12,11,11,11,11,11
11,11,11,12,11,11,11,11,11
11,11,11,12,11,11,11,11,11
11,11,11,12,11,11,11,11,11
11,11,11,12,11,11,11,11,11
11,11,11,12,11,11,11,11,11
11,11,11,12,11,11,11,11,11
10,12,11,12,11,12,10,12,10
11,11,12,11,11,10,12,11,11
10,12,10,12,10,12,10,12,12
10,12,10,12,10,12,10,12,12
10,11,12,11,11,11,11,11,12
12,11,12,11,11,11,11,11,10
15,20,30,5,2,1,20,5,2
10,11,11,11,11,11,11,12,12
0,20,13,17,11,5,5,10,19
11,12,11,11,11,11,11,11,11
11,12,11,11,11,11,11,11,11
11,12,11,11,11,11,11,11,11
11,12,11,11,11,11,11,11,11
11,12,11,11,11,11,11,11,11
11,12,11,11,11,11,11,11,11
11,12,11,11,11,11,11,11,11
11,12,11,11,11,11,11,11,11
11,12,11,11,11,11,11,11,11
11,12,11,11,11,11,11,11,11
11,12,11,11,11,11,11,11,11
11,12,11,11,11,11,11,11,11
11,12,11,11,11,11,11,11,11
11,12,11,11,11,11,11,11,11
11,12,11,11,11,11,11,11,11
11,12,11,11,11,11,11,11,11
11,12,11,11,11,11,11,11,11
11,12,11,11,11,11,11,11,11
11,12,11,11,11,11,11,11,11
11,12,11,11,11,11,11,11,11
11,11,11,12,11,11,12,10,11
4,6,16,3,26,6,11,4,24
11,11,11,11,12,11,11,11,11
11,11,11,11,12,11,11,11,11
11,11,11,11,12,11,11,11,11
11,11,11,11,12,11,11,11,11
11,11,11,11,12,11,11,11,11
11,11,11,11,12,11,11,11,11
11,11,11,11,12,11,11,11,11
11,11,11,11,12,11,11,11,11
11,11,11,11,12,11,11,11,11
11,11,11,11,12,11,11,11,11
11,11,11,11,12,11,11,11,11
11,11,11,11,12,11,11,11,11
11,11,11,11,12,11,11,11,11
11,11,11,11,12,11,11,11,11
11,11,11,11,12,11,11,11,11
11,11,11,11,12,11,11,11,11
11,11,11,11,12,11,11,11,11
11,11,11,11,12,11,11,11,11
11,11,11,11,12,11,11,11,11
11,11,11,11,12,11,11,11,11
11,11,11,11,12,11,11,11,11
11,11,11,11,12,11,11,11,11
11,11,11,11,12,11,11,11,11
11,11,11,11,12,11,11,11,11
11,11,11,11,12,11,11,11,11
11,11,11,11,12,11,11,11,11
11,11,11,11,12,11,11,11,11
11,11,11,11,12,11,11,11,11
11,11,11,11,12,11,11,11,11
11,11,11,11,12,11,11,11,11
11,11,11,11,12,11,11,11,11
11,11,11,11,12,11,11,11,11
11,11,11,11,12,11,11,11,11
11,11,11,11,12,11,11,11,11
11,11,11,11,12,11,11,11,11
11,11,11,11,12,11,11,11,11
11,11,11,11,12,11,11,11,11
1,1,25,20,20,20,1,10,2
11,11,11,11,12,11,11,11,11
11,11,11,11,12,11,11,11,11
11,11,11,11,12,11,11,11,11
11,11,11,11,12,11,11,11,11
11,11,11,11,12,11,11,11,11
11,11,11,11,12,11,11,11,11
11,11,11,11,12,11,11,11,11
11,11,11,11,12,11,11,11,11
11,11,11,11,12,11,11,11,11
11,11,11,11,12,11,11,11,11
11,11,11,11,12,11,11,11,11
11,11,11,11,12,11,11,11,11
11,11,11,11,12,11,11,11,11
11,11,11,11,12,11,11,11,11
11,11,11,11,12,11,11,11,11
11,11,11,11,12,11,11,11,11
11,11,11,11,12,11,11,11,11
11,11,11,11,12,11,11,11,11
11,11,11,11,12,11,11,11,11
11,11,11,11,12,11,11,11,11
11,11,11,11,12,11,11,11,11
11,11,11,11,12,11,11,11,11
11,11,11,11,12,11,11,11,11
11,11,11,11,12,11,11,11,11
11,11,11,11,12,11,11,11,11
11,11,11,11,12,11,11,11,11
11,11,11,11,12,11,11,11,11
11,11,11,11,12,11,11,11,11
11,11,11,11,12,11,11,11,11
11,11,11,11,12,11,11,11,11
11,11,11,11,12,11,11,11,11
11,11,11,11,12,11,11,11,11
11,11,11,11,12,11,11,11,11
11,11,11,11,12,11,11,11,11
11,11,11,11,12,11,11,11,11
11,11,11,11,12,11,11,11,11
11,11,11,11,12,11,11,11,11
11,11,11,11,12,11,11,11,11
11,11,11,11,12,11,11,11,11
11,11,11,11,12,11,11,11,11
11,11,11,11,12,11,11,11,11
11,11,11,11,12,11,11,11,11
11,11,11,11,12,11,11,11,11
11,11,11,11,12,11,11,11,11
11,11,11,11,12,11,11,11,11
11,11,11,11,12,11,11,11,11
11,11,11,11,12,11,11,11,11
11,11,11,11,12,11,11,11,11
11,11,11,11,12,11,11,11,11
11,11,11,11,12,11,11,11,11
11,11,11,11,12,11,11,11,11
11,11,11,11,12,11,11,11,11
11,11,11,11,12,11,11,11,11
11,11,11,11,12,11,11,11,11
11,11,11,11,12,11,11,11,11
11,11,11,11,12,11,11,11,11
11,11,11,11,12,11,11,11,11
11,11,11,11,12,11,11,11,11
11,11,11,11,12,11,11,11,11
11,11,11,11,12,11,11,11,11
11,11,11,11,12,11,11,11,11
11,11,11,11,12,11,11,11,11
11,11,11,11,12,11,11,11,11
11,11,11,11,12,11,11,11,11
11,11,11,11,12,11,11,11,11
11,11,11,11,12,11,11,11,11
11,11,11,11,12,11,11,11,11
11,11,11,11,12,11,11,11,11
11,11,11,11,12,11,11,11,11
11,11,11,11,12,11,11,11,11
11,11,11,11,12,11,11,11,11
11,11,11,11,12,11,11,11,11
11,11,11,11,12,11,11,11,11
11,11,11,11,12,11,11,11,11
11,11,11,11,12,11,11,11,11
11,11,11,11,12,11,11,11,11
11,11,11,11,12,11,11,11,11
11,11,11,11,12,11,11,11,11
11,11,11,11,12,11,11,11,11
11,11,11,11,12,11,11,11,11
11,11,11,11,12,11,11,11,11
11,11,11,11,12,11,11,11,11
11,11,11,11,12,11,11,11,11
11,11,11,11,12,11,11,11,11
11,11,11,11,12,11,11,11,11
11,11,11,11,12,11,11,11,11
11,11,11,11,12,11,11,11,11
11,11,11,11,12,11,11,11,11
11,11,11,11,12,11,11,11,11
11,11,11,11,12,11,11,11,11
11,11,11,11,12,11,11,11,11
11,11,11,11,12,11,11,11,11
11,11,11,11,12,11,11,11,11
11,11,11,11,12,11,11,11,11
11,11,11,11,12,11,11,11,11
11,11,11,11,12,11,11,11,11
11,11,11,11,12,11,11,11,11
11,11,11,11,12,11,11,11,11
11,11,11,11,12,11,11,11,11
11,11,11,11,12,11,11,11,11
11,11,11,11,12,11,11,11,11
11,11,11,11,12,11,11,11,11
11,11,11,11,12,11,11,11,11
11,11,11,11,12,11,11,11,11
11,11,11,11,12,11,11,11,11
11,11,11,11,12,11,11,11,11
11,11,11,11,12,11,11,11,11
11,11,11,11,12,11,11,11,11
11,11,11,11,12,11,11,11,11
11,11,11,11,12,11,11,11,11
11,11,11,11,12,11,11,11,11
11,11,11,11,12,11,11,11,11
11,11,11,11,12,11,11,11,11
11,11,11,11,12,11,11,11,11
11,11,11,11,12,11,11,11,11
11,11,11,11,12,11,11,11,11
11,11,11,11,12,11,11,11,11
11,11,11,11,12,11,11,11,11
11,11,11,11,12,11,11,11,11
11,11,11,11,12,11,11,11,11
11,11,11,11,12,11,11,11,11
11,11,11,11,12,11,11,11,11
11,11,11,11,12,11,11,11,11
11,11,11,11,12,11,11,11,11
11,11,11,11,12,11,11,11,11
11,11,11,11,12,11,11,11,11
11,11,11,11,12,11,11,11,11
11,11,11,11,12,11,11,11,11
11,11,11,11,12,11,11,11,11
11,11,11,11,12,11,11,11,11
11,11,11,11,12,11,11,11,11
11,11,11,11,12,11,11,11,11
11,11,11,11,12,11,11,11,11
11,11,11,11,12,11,11,11,11
11,11,11,11,12,11,11,11,11
11,11,11,11,12,11,11,11,11
11,11,11,11,12,11,11,11,11
11,11,11,11,12,11,11,11,11
11,11,11,11,12,11,11,11,11
11,11,11,11,12,11,11,11,11
11,11,11,11,12,11,11,11,11
11,11,11,11,12,11,11,11,11
11,11,11,11,12,11,11,11,11
11,11,11,11,12,11,11,11,11
11,11,11,11,12,11,11,11,11
11,11,11,11,12,11,11,11,11
11,11,11,11,12,11,11,11,11
11,11,11,11,12,11,11,11,11
10,10,11,11,11,12,12,12,11
13,0,2,5,22,5,26,10,17
10,15,20,0,10,20,0,10,15
10,8,12,14,16,5,10,5,20
10,11,11,11,12,11,11,11,12
3,11,22,5,0,30,11,15,3
2,2,31,21,20,18,2,2,2
11,11,11,11,11,11,11,11,12
11,11,11,11,11,11,11,11,12
11,11,11,11,11,11,11,11,12
11,11,11,11,11,11,11,11,12
11,11,11,11,11,11,11,11,12
11,11,11,11,11,11,11,11,12
11,11,11,11,11,11,11,11,12
11,11,11,11,11,11,11,11,12
11,11,11,11,11,11,11,11,12
11,11,11,11,11,11,11,11,12
11,11,11,11,11,11,11,11,12
11,11,11,11,11,11,11,11,12
11,11,11,11,11,11,11,11,12
11,11,11,11,11,11,11,11,12
11,11,11,11,11,11,11,11,12
11,11,11,11,11,11,11,11,12
11,11,11,11,11,11,11,11,12
11,11,11,11,11,11,11,11,12
11,11,11,11,11,11,11,11,12
11,11,11,11,11,11,11,11,12
11,11,11,11,11,11,11,11,12
11,11,11,11,11,11,11,11,12
11,11,11,11,11,11,11,11,12
11,11,11,11,11,11,11,11,12
11,11,11,11,11,11,11,11,12
11,11,11,11,11,11,11,11,12
11,11,11,11,11,11,11,11,12
11,11,11,11,11,11,11,11,12
11,11,11,11,11,11,11,11,12
11,11,11,11,11,11,11,11,12
11,11,11,11,11,11,11,11,12
11,11,11,11,11,11,11,11,12
11,11,11,11,11,11,11,11,12
11,11,11,11,11,11,11,11,12
11,11,11,11,11,11,11,11,12
11,11,11,11,11,11,11,11,12
11,11,11,11,11,11,11,11,12
11,11,11,11,11,11,11,11,12
11,11,11,11,11,11,11,11,12
11,11,11,11,11,11,11,11,12
11,11,11,11,11,11,11,11,12
11,11,11,11,11,11,11,11,12
11,11,11,11,11,11,11,11,12
11,11,11,11,11,11,11,11,12
11,11,11,11,11,11,11,11,12
11,11,11,11,11,11,11,11,12
11,11,11,11,11,11,11,11,12
11,11,11,11,11,11,11,11,12
11,11,11,11,11,11,11,11,12
11,11,11,11,11,11,11,11,12
11,11,11,11,11,11,11,11,12
11,11,11,11,11,11,11,11,12
11,11,11,11,11,11,11,11,12
11,11,11,11,11,11,11,11,12
11,11,11,11,11,11,11,11,12
11,11,11,11,11,11,11,11,12
11,11,11,11,11,11,11,11,12
11,11,11,11,11,11,11,11,12
11,11,11,11,11,11,11,11,12
11,11,11,11,11,11,11,11,12
11,11,11,11,11,11,11,11,12
11,11,11,11,11,11,11,11,12
11,11,11,11,11,11,11,11,12
11,11,11,11,11,11,11,11,12
11,11,11,11,11,11,11,11,12
11,11,11,11,11,11,11,11,12
11,11,11,11,11,11,11,11,12
11,11,11,11,11,11,11,11,12
11,11,11,11,11,11,11,11,12
11,11,11,11,11,11,11,11,12
11,11,11,11,11,11,11,11,12
11,11,11,11,11,11,11,11,12
11,11,11,11,11,11,11,11,12
11,11,11,11,11,11,11,11,12
11,11,11,11,11,11,11,11,12
11,11,11,11,11,11,11,11,12
11,11,11,11,11,11,11,11,12
20,20,20,20,10,5,4,1,0
20,3,20,30,3,1,20,1,2
12,11,11,11,11,11,11,11,11
12,11,11,11,11,11,11,11,11
12,11,11,11,11,11,11,11,11
12,11,11,11,11,11,11,11,11
12,11,11,11,11,11,11,11,11
12,11,11,11,11,11,11,11,11
12,11,11,11,11,11,11,11,11
12,11,11,11,11,11,11,11,11
12,11,11,11,11,11,11,11,11
12,11,11,11,11,11,11,11,11
12,11,11,11,11,11,11,11,11
12,11,11,11,11,11,11,11,11
12,11,11,11,11,11,11,11,11
12,11,11,11,11,11,11,11,11
12,11,11,11,11,11,11,11,11
12,11,11,11,11,11,11,11,11
12,11,11,11,11,11,11,11,11
12,11,11,11,11,11,11,11,11
12,11,11,11,11,11,11,11,11
12,11,11,11,11,11,11,11,11
12,11,11,11,11,11,11,11,11
12,11,11,11,11,11,11,11,11
12,11,11,11,11,11,11,11,11
12,11,11,11,11,11,11,11,11
12,11,11,11,11,11,11,11,11
12,11,11,11,11,11,11,11,11
12,11,11,11,11,11,11,11,11
12,11,11,11,11,11,11,11,11
12,11,11,11,11,11,11,11,11
12,11,11,11,11,11,11,11,11
12,11,11,11,11,11,11,11,11
12,11,11,11,11,11,11,11,11
12,11,11,11,11,11,11,11,11
12,11,11,11,11,11,11,11,11
12,11,11,11,11,11,11,11,11
12,11,11,11,11,11,11,11,11
12,11,11,11,11,11,11,11,11
12,11,11,11,11,11,11,11,11
12,11,11,11,11,11,11,11,11
12,11,11,11,11,11,11,11,11
12,11,11,11,11,11,11,11,11
12,11,11,11,11,11,11,11,11
12,11,11,11,11,11,11,11,11
12,11,11,11,11,11,11,11,11
12,11,11,11,11,11,11,11,11
12,11,11,11,11,11,11,11,11
12,11,11,11,11,11,11,11,11
12,11,11,11,11,11,11,11,11
12,11,11,11,11,11,11,11,11
12,11,11,11,11,11,11,11,11
12,11,11,11,11,11,11,11,11
12,11,11,11,11,11,11,11,11
12,11,11,11,11,11,11,11,11
12,11,11,11,11,11,11,11,11
12,11,11,11,11,11,11,11,11
12,11,11,11,11,11,11,11,11
3,2,2,2,25,20,30,3,13
13,13,13,13,12,9,9,9,9
5,2,20,1,30,1,20,1,20
11,12,11,11,11,11,10,12,11
15,26,1,1,14,26,1,1,15
10,11,10,12,12,12,11,11,11
18,15,11,15,9,12,10,8,2
13,15,11,12,9,10,7,8,15
11,8,10,10,11,12,14,12,12
21,12,9,16,8,6,8,3,17
1,5,11,13,25,11,11,10,13
3,6,9,12,18,20,22,0,10
20,15,8,5,1,10,1,20,20
10,10,10,12,12,12,12,12,10
10,11,12,10,12,11,11,11,12
9,13,9,13,10,13,11,13,9
20,0,20,23,14,0,0,0,23
23,22,21,20,10,1,1,1,1
5,25,5,20,10,20,5,5,5
15,10,10,9,14,17,12,11,2
15,7,10,15,16,7,5,10,15
8,15,7,15,11,12,9,10,13
10,11,10,11,12,11,12,11,12
10,11,10,11,12,11,12,11,12
10,12,10,12,12,12,10,12,10
10,12,10,12,12,12,10,12,10
10,12,10,12,12,12,10,12,10
8,10,9,12,11,16,14,12,8
11,11,11,11,11,12,10,11,12
11,12,9,11,21,14,8,7,7
11,10,11,11,11,11,11,12,12
24,0,0,18,0,24,18,16,0
8,15,14,13,12,11,10,9,8
11,12,11,10,12,10,11,12,11
0,15,23,5,14,0,25,7,11
15,16,15,9,16,9,7,7,6
10,14,19,1,23,11,10,1,11
20,2,2,2,20,27,6,1,20
1,1,7,1,20,10,20,20,20
18,21,23,9,6,12,0,3,8
10,11,10,10,11,12,12,12,12
1,2,1,1,1,23,23,24,24
11,21,11,11,11,11,11,11,2
7,7,7,20,20,20,7,7,5
0,25,16,13,10,0,20,16,0
12,12,12,12,12,10,10,10,10
12,12,12,12,12,10,10,10,10
2,20,2,25,1,25,1,23,1
0,20,10,15,20,15,5,5,10
2,2,11,11,2,1,21,25,25
5,5,11,11,24,11,11,11,11
11,13,11,12,10,13,11,9,10
10,10,10,12,11,12,11,12,12
18,8,14,10,9,18,6,12,5
5,5,10,20,10,15,20,10,5
18,23,14,5,28,1,3,6,2
4,15,26,1,26,3,15,0,10
12,11,11,11,12,10,11,10,12
7,8,9,10,11,12,15,15,13
5,1,25,1,24,1,25,1,17
10,12,12,10,12,12,10,10,12
6,17,11,4,12,4,2,15,29
12,12,12,10,12,12,10,10,10
10,10,10,12,12,10,12,12,12
24,1,23,1,3,1,1,23,23
25,25,25,2,2,2,2,2,15
11,6,6,11,13,25,11,11,6
10,11,12,13,10,11,12,10,11
20,20,20,5,5,5,5,10,10
25,20,15,3,27,0,3,3,4
24,21,22,21,12,0,0,0,0
10,7,15,20,10,5,7,15,11
10,12,10,12,12,12,10,10,12
12,9,10,11,11,11,11,12,13
12,10,12,10,12,10,11,12,11
10,10,10,10,12,12,12,12,12
10,10,10,10,12,12,12,12,12
10,10,10,10,12,12,12,12,12
2,2,7,34,13,13,3,13,13
7,8,9,10,11,12,13,14,16
7,8,9,10,11,12,13,14,16
7,8,9,10,11,12,13,14,16
7,8,9,10,11,12,13,14,16
20,20,20,5,5,10,5,10,5
15,8,15,12,0,10,20,10,10
24,4,23,5,5,4,25,4,6
16,10,13,8,11,14,9,12,7
4,21,7,30,6,2,1,17,12
15,30,20,20,5,4,3,2,1
30,2,2,2,2,2,20,20,20
10,5,25,5,25,5,15,5,5
5,10,15,20,20,10,10,5,5
15,2,10,25,20,2,10,1,15
13,9,13,9,14,9,12,9,12
12,10,12,10,12,10,12,10,12
12,10,12,10,12,10,12,10,12
12,10,12,10,12,10,12,10,12
12,10,12,10,12,10,12,10,12
12,10,12,10,12,10,12,10,12
25,3,10,10,15,3,15,4,15
7,11,9,9,17,13,12,10,12
21,21,28,5,5,5,5,5,5
0,3,23,23,0,23,5,23,0
10,11,21,15,17,10,5,1,10
12,4,27,4,6,4,27,4,12
0,8,9,10,19,12,13,14,15
4,4,4,4,20,20,10,24,10
1,27,2,23,3,15,7,10,12
15,10,15,10,0,10,15,10,15
15,10,15,10,0,10,15,10,15
16,11,14,11,9,10,10,14,5
15,8,8,17,14,6,9,7,16
12,10,10,10,12,12,12,10,12
14,10,10,20,1,7,6,11,21
5,10,20,10,5,10,5,15,20
5,11,9,8,6,24,13,22,2
11,11,11,11,11,11,11,13,10
12,10,10,12,12,12,10,10,12
1,1,2,10,20,1,20,25,20
11,10,12,11,13,11,11,10,11
21,1,21,12,30,12,1,1,1
8,9,10,10,11,12,13,14,13
12,11,10,21,12,5,10,11,8
2,2,2,26,26,26,2,12,2
20,15,15,10,15,10,8,1,6
6,21,11,3,17,8,9,17,8
2,11,9,25,20,10,15,5,3
15,10,14,9,13,8,12,8,11
12,10,10,10,12,12,10,12,12
8,8,9,10,11,12,13,14,15
20,21,23,14,12,10,0,0,0
0,6,14,11,22,14,10,23,0
10,18,28,1,1,1,1,18,22
8,7,8,10,15,8,16,12,16
3,10,30,1,0,20,20,1,15
5,15,5,20,10,5,10,20,10
31,21,16,13,12,2,2,2,1
0,0,16,23,31,12,3,13,2
20,4,10,20,3,10,20,3,10
20,5,10,5,20,5,20,5,10
2,20,2,30,10,2,20,2,12
10,10,2,7,17,22,6,20,6
10,10,0,15,5,15,0,20,25
20,10,3,3,21,10,22,2,9
8,25,6,6,9,16,16,3,11
11,10,11,13,11,11,11,11,11
5,25,5,15,5,25,5,5,10
14,9,14,10,6,10,14,9,14
1,3,5,8,10,13,15,20,25
0,30,20,18,20,3,3,3,3
0,20,20,0,20,20,0,10,10
10,11,12,13,11,10,10,11,12
19,13,12,8,9,6,17,8,8
26,16,26,11,15,2,1,1,2
14,13,10,10,10,10,6,13,14
0,10,0,20,0,20,10,20,20
1,23,1,24,1,24,1,1,24
11,12,11,10,11,10,12,10,13
11,10,20,10,20,17,1,1,10
20,20,20,10,15,0,10,0,5
1,1,1,1,1,23,24,24,24
14,6,9,14,19,9,14,6,9
12,10,12,10,13,10,11,10,12
1,24,1,24,1,24,1,23,1
14,7,7,6,23,4,11,3,25
0,10,20,20,0,10,0,20,20
13,12,11,12,12,10,10,10,10
0,11,11,11,23,11,11,11,11
15,15,15,25,10,1,9,1,9
9,12,14,10,11,12,10,10,12
0,20,5,15,10,10,15,10,15
9,10,11,10,11,12,11,12,14
12,1,10,12,12,30,5,12,6
1,24,1,1,1,23,1,24,24
10,23,0,15,5,0,24,23,0
24,10,15,10,6,20,5,5,5
2,27,25,23,4,5,7,4,3
21,0,0,10,21,21,0,25,2
15,15,15,15,10,9,10,10,1
26,23,23,23,1,1,1,1,1
5,10,15,10,20,10,15,10,5
12,21,32,5,11,12,2,2,3
20,20,20,0,20,0,10,0,10
1,1,1,1,23,25,23,24,1
15,10,5,5,20,20,10,5,10
14,12,11,12,11,10,11,10,9
20,20,5,10,20,5,5,5,10
10,12,10,13,10,13,10,12,10
10,1,12,6,5,30,18,12,6
1,1,1,1,2,20,25,25,24
10,11,10,11,10,13,13,10,12
21,31,21,21,1,1,1,2,1
9,14,9,14,8,14,9,14,9
7,5,5,20,20,10,8,8,17
10,15,10,20,10,5,15,5,10
15,15,20,10,5,5,10,10,10
1,1,32,21,1,21,1,15,7
23,1,1,1,1,24,24,24,1
4,4,4,4,4,28,22,4,26
9,14,13,10,10,12,12,10,10
15,12,30,8,11,6,1,14,3
1,1,24,24,0,24,24,1,1
12,11,9,11,11,10,12,10,14
20,5,20,10,0,10,20,5,10
9,11,10,8,14,8,11,16,13
20,10,10,25,1,5,4,20,5
7,7,6,23,13,7,8,23,6
6,11,21,9,11,11,14,9,8
20,5,10,5,20,5,10,5,20
10,20,17,15,10,10,6,8,4
21,2,1,29,2,16,1,26,2
10,27,5,5,5,5,3,20,20
4,8,15,16,23,10,8,8,8
11,5,11,21,11,21,10,0,10
23,24,1,1,1,24,1,24,1
20,0,20,10,0,10,20,0,20
24,24,1,1,1,24,1,23,1
0,15,0,15,0,20,30,0,20
15,15,15,15,10,10,10,10,0
24,1,1,1,24,23,24,1,1
9,11,15,25,8,12,9,7,4
15,20,5,10,25,5,10,6,4
15,3,15,10,30,12,3,10,2
24,20,25,1,1,2,1,25,1
16,1,11,12,18,31,1,5,5
1,1,8,16,17,25,27,2,3
12,9,13,9,11,9,14,9,14
0,0,7,11,11,11,20,20,20
1,30,0,15,20,16,3,10,5
10,5,10,15,20,15,10,5,10
10,13,10,9,13,13,10,9,13
11,2,21,1,21,1,11,1,31
10,5,5,20,10,10,15,10,15
4,1,28,10,0,15,25,16,1
0,20,0,0,10,10,20,20,20
0,1,31,21,21,21,2,2,1
23,24,1,1,24,1,1,1,24
20,0,20,0,10,10,20,0,20
10,9,14,11,12,11,13,10,10
1,1,7,21,1,10,29,15,15
21,31,11,2,2,3,21,7,2
9,15,0,15,0,30,0,20,11
2,2,22,1,3,22,34,11,3
1,11,1,25,24,25,1,11,1
5,15,3,30,5,20,2,10,10
7,11,12,12,11,9,10,18,10
11,10,12,10,13,10,14,9,11
20,0,15,0,30,0,15,0,20
20,0,15,0,30,0,15,0,20
1,10,22,5,0,29,0,12,21
20,7,9,13,15,12,8,8,8
10,15,10,10,20,10,5,15,5
1,1,25,25,1,20,1,25,1
1,24,1,24,0,24,1,24,1
11,10,11,1,30,1,17,2,17
11,1,5,1,17,13,25,0,27
9,11,13,11,16,9,11,9,11
9,20,1,10,26,18,4,7,5
2,26,2,26,12,26,2,2,2
5,5,0,10,10,10,20,20,20
10,15,10,15,10,10,5,20,5
15,23,5,5,10,5,10,7,20
20,20,20,10,10,10,4,4,2
15,20,10,10,10,0,0,20,15
20,20,10,0,10,0,20,0,20
10,10,20,5,15,10,10,5,15
20,7,10,3,20,3,10,7,20
0,10,1,14,7,6,17,26,19
24,1,24,1,0,1,24,1,24
5,10,3,10,25,17,19,10,1
17,0,11,11,13,27,0,21,0
1,18,18,10,1,12,11,28,1
9,19,9,16,8,7,11,13,8
20,20,10,3,10,4,3,10,20
25,0,25,5,0,5,20,0,20
13,12,8,14,15,9,10,9,10
15,10,15,6,30,0,20,0,4
3,3,7,10,10,10,18,19,20
3,6,9,18,27,18,9,6,4
10,12,10,15,11,9,12,11,10
11,11,10,10,9,10,12,15,12
7,9,9,13,15,19,11,7,10
5,10,10,15,10,15,15,10,10
1,10,20,20,20,1,10,10,8
10,6,4,10,25,15,10,6,14
1,16,30,20,1,20,10,1,1
10,5,10,10,15,5,20,10,15
11,8,11,11,21,8,11,8,11
5,5,0,5,27,16,10,10,22
10,10,15,10,5,15,10,10,15
1,19,21,1,24,1,30,2,1
1,10,19,29,0,19,20,1,1
12,28,9,21,10,16,1,1,2
18,7,7,11,18,9,6,6,18
20,15,5,10,10,0,0,15,25
6,8,9,10,15,10,11,16,15
2,31,21,21,11,1,1,1,11
10,10,11,10,12,11,11,11,14
20,20,20,10,10,10,5,1,4
13,10,11,10,12,10,11,10,13
15,11,10,25,8,12,7,9,3
15,15,10,5,10,5,25,5,10
0,2,13,15,30,5,25,3,7
20,5,5,15,5,10,10,5,25
14,9,14,9,9,9,14,9,13
10,21,7,11,5,10,20,10,6
12,9,11,9,9,10,11,13,16
17,2,23,12,2,2,2,34,6
20,0,10,0,20,20,10,0,20
0,0,25,1,2,20,25,2,25
5,10,5,15,30,15,5,10,5
10,10,15,5,15,15,10,10,10
12,1,8,3,30,5,17,1,23
10,10,13,13,10,11,10,10,13
20,1,25,1,25,1,1,25,1
15,15,10,10,20,10,5,5,10
20,15,10,5,27,10,5,3,5
15,2,5,18,0,3,15,10,32
15,5,25,10,2,9,10,4,20
5,20,8,8,15,8,7,22,7
14,9,8,8,17,8,11,20,5
2,2,18,10,16,2,8,30,12
10,10,0,15,10,20,15,10,10
5,5,15,10,30,15,5,5,10
5,30,5,10,20,5,15,5,5
4,30,6,1,13,9,16,20,1
20,5,5,5,30,5,5,5,20
20,0,15,10,10,10,15,0,20
0,1,1,1,24,1,24,24,24
15,25,15,1,30,1,1,2,10
10,10,10,15,10,5,15,10,15
2,21,2,11,6,11,31,0,16
20,0,0,0,17,15,19,29,0
13,11,3,4,5,16,32,9,7
11,12,13,14,10,10,10,10,10
13,10,10,11,10,13,10,13,10
20,15,10,10,5,5,10,10,15
10,14,13,10,10,11,10,12,10
0,21,11,4,0,31,17,11,5
1,1,15,26,1,31,2,21,2
2,15,1,11,1,11,11,33,15
30,15,0,0,25,0,15,0,15
11,11,11,15,9,15,10,9,9
24,12,7,4,21,10,6,9,7
20,30,20,5,3,5,3,5,9
13,13,13,10,10,10,10,11,10
20,10,5,5,15,10,10,5,20
10,11,11,10,10,11,15,11,11
2,2,11,21,21,21,0,1,11
8,0,11,31,3,0,15,11,21
9,10,5,15,25,6,12,10,8
10,5,10,10,15,15,15,10,10
10,9,15,8,15,11,11,11,10
0,15,15,20,20,30,0,0,0
4,10,30,2,20,5,9,17,3
10,20,30,0,20,5,5,5,5
10,9,14,15,10,12,11,9,10
15,15,10,10,15,9,10,5,11
1,10,10,9,3,25,20,15,7
30,0,20,0,0,12,15,0,23
15,5,30,1,1,1,10,12,25
30,15,15,10,10,14,2,2,2
15,6,6,10,15,10,25,6,7
10,13,10,10,13,10,10,13,11
5,5,15,5,1,25,5,29,10
0,4,30,25,0,20,5,15,1
25,5,1,25,5,1,20,9,9
0,22,31,21,8,3,12,0,3
2,2,25,8,25,10,24,2,2
15,8,10,25,15,10,5,5,7
5,10,10,20,5,10,0,25,15
15,15,0,25,0,30,0,10,5
8,10,15,10,16,8,15,8,10
30,15,5,10,15,14,5,5,1
11,11,11,11,15,11,10,10,10
11,11,11,11,15,11,10,10,10
5,10,5,15,5,10,15,30,5
23,0,14,25,0,20,9,0,9
23,10,10,5,18,5,10,5,14
3,3,3,23,36,23,3,3,3
9,12,9,8,11,10,19,15,7
10,10,5,15,25,15,0,10,10
0,2,20,20,20,10,8,10,10
5,10,27,10,21,8,4,11,4
15,10,12,8,10,10,11,14,10
20,10,10,2,18,10,18,2,10
10,10,10,10,0,10,20,15,15
10,15,10,20,10,0,10,15,10
6,6,11,6,6,31,11,12,11
2,4,16,4,4,10,16,11,33
0,1,2,4,8,16,32,16,21
10,10,11,10,15,10,12,11,11
9,9,12,12,30,9,3,3,13
6,4,8,16,32,16,8,4,6
12,10,13,10,14,10,10,11,10
2,11,11,11,1,31,11,11,11
20,20,10,5,10,4,10,1,20
15,10,7,8,25,3,7,10,15
30,0,0,3,20,7,15,5,20
0,10,20,25,15,10,20,0,0
20,10,10,10,15,5,5,10,15
0,20,10,5,5,5,20,10,25
10,10,10,10,12,14,10,13,11
3,11,4,38,3,14,3,21,3
10,8,10,12,15,5,25,5,10
16,14,10,10,10,19,8,9,4
23,0,24,0,24,0,5,0,24
15,3,31,3,5,10,3,20,10
6,8,19,25,5,9,10,11,7
21,1,31,0,25,0,18,1,3
0,30,3,1,25,15,14,10,2
15,10,15,10,15,10,10,5,10
15,5,10,10,15,10,10,5,20
10,1,17,10,25,10,16,1,10
24,27,17,3,24,0,0,5,0
13,10,14,10,12,10,10,11,10
11,10,14,10,12,10,10,10,13
21,21,31,8,8,2,2,3,4
5,5,5,5,10,15,15,30,10
5,9,18,9,18,9,5,9,18
10,1,25,11,1,1,25,25,1
10,10,20,5,5,20,10,10,10
7,10,8,10,14,15,8,8,20
30,5,15,10,15,0,0,20,5
20,10,5,10,5,12,5,8,25
10,5,14,20,2,9,2,10,28
10,10,10,10,18,20,20,1,1
10,2,20,2,30,20,6,9,1
10,20,10,0,20,0,10,20,10
10,0,0,19,0,30,21,0,20
1,19,1,26,1,26,0,25,1
9,20,0,15,12,3,1,30,10
7,0,7,7,7,31,12,12,17
7,34,19,24,4,2,2,5,3
0,10,20,10,0,10,20,10,20
2,8,33,14,22,7,4,4,6
15,5,10,25,8,3,1,8,25
4,4,6,10,16,32,16,8,4
2,2,2,34,20,20,20,0,0
1,20,4,4,25,25,10,10,1
12,10,10,12,11,10,10,15,10
10,10,15,10,15,10,20,0,10
3,3,3,31,31,21,3,2,3
34,14,13,5,2,10,6,4,12
15,10,10,5,15,10,10,10,15
0,10,4,19,19,15,5,0,28
12,10,10,10,15,11,10,10,12
15,7,9,4,8,15,8,10,24
20,10,25,10,1,10,10,12,2
0,15,25,0,15,25,10,10,0
15,10,10,11,11,10,11,11,11
10,10,10,10,10,10,13,14,13
10,10,10,10,10,10,13,13,14
10,10,20,20,10,10,0,20,0
8,12,8,9,8,18,10,18,9
1,2,2,30,10,10,20,20,5
1,1,20,10,30,10,20,3,5
15,12,15,10,11,10,9,9,9
4,12,3,30,15,6,10,10,10
13,7,19,10,10,8,10,9,14
15,11,10,10,11,11,10,11,11
13,14,13,10,10,10,10,10,10
25,25,20,15,10,5,0,0,0
10,0,10,20,20,20,10,0,10
20,30,20,15,0,10,0,5,0
1,21,12,10,25,7,8,8,8
5,6,12,8,9,10,10,15,25
12,1,30,1,12,1,30,1,12
12,10,10,10,10,15,10,13,10
16,16,16,16,36,0,0,0,0
15,10,7,10,10,10,10,15,13
10,20,30,5,5,10,0,5,15
24,0,0,4,24,24,24,0,0
1,10,10,20,15,9,10,15,10
10,10,20,5,20,10,5,10,10
14,1,14,1,40,1,14,1,14
15,10,10,10,7,10,10,12,16
0,16,21,21,32,0,0,0,10
10,20,20,20,30,0,0,0,0
25,0,1,32,5,4,20,12,1
30,20,10,20,5,5,0,5,5
15,4,13,41,3,13,5,3,3
7,10,7,20,10,20,10,10,6
20,10,10,0,30,0,0,15,15
1,2,3,20,10,20,8,30,6
0,0,20,20,20,10,10,10,10
10,16,10,8,9,10,10,15,12
0,20,10,30,20,5,5,5,5
2,2,2,27,2,27,2,10,26
11,1,11,16,2,16,36,6,1
3,3,28,28,2,3,3,28,2
4,10,10,4,0,7,20,30,15
12,13,10,10,10,10,10,15,10
18,18,33,1,25,0,1,1,3
15,28,10,8,0,25,12,0,2
15,14,10,10,10,10,10,8,13
10,10,10,20,20,20,10,0,0
20,0,10,20,19,11,10,0,10
0,10,20,30,0,20,5,5,10
9,10,11,20,30,11,4,1,4
11,10,11,10,16,10,11,10,11
7,5,29,13,9,4,9,9,15
10,10,10,13,15,10,10,10,12
10,10,14,11,11,9,10,15,10
20,20,0,0,0,0,10,30,20
20,20,20,10,0,10,10,10,0
5,0,15,0,0,15,20,35,10
19,19,19,30,10,1,1,1,0
29,2,17,0,26,7,1,0,18
30,25,20,1,1,1,1,11,10
10,20,10,20,10,5,10,10,5
1,10,20,30,20,10,5,3,1
5,9,12,4,5,37,15,1,12
0,0,0,0,20,20,30,20,10
0,10,10,20,20,20,10,0,10
11,4,9,29,23,4,7,8,5
20,15,35,5,5,5,8,4,3
1,0,15,20,10,9,1,14,30
10,5,10,20,10,5,10,20,10
20,15,15,10,10,10,10,0,10
20,20,20,30,0,0,10,0,0
0,0,25,0,1,19,32,17,6
0,20,0,10,10,10,20,10,20
0,20,0,10,10,10,20,10,20
30,3,5,7,9,11,13,21,1
2,6,35,15,10,3,4,5,20
18,9,1,10,11,26,9,1,15
9,9,9,13,20,13,9,9,9
10,20,10,10,10,20,5,5,10
1,0,20,1,25,5,28,10,10
10,20,15,10,10,11,8,8,8
10,15,10,10,5,20,10,10,10
30,20,0,20,20,0,0,0,10
0,0,0,30,15,15,10,20,10
5,10,10,10,10,20,15,10,10
2,10,20,30,10,3,10,15,0
4,6,8,22,34,9,12,3,2
1,15,1,1,30,30,1,1,20
5,10,5,10,20,5,10,25,10
10,10,10,15,25,5,10,10,5
0,31,16,26,11,13,0,0,3
0,19,18,10,10,15,9,9,10
1,5,34,2,7,23,3,10,15
18,1,28,10,2,30,3,3,5
20,30,20,20,0,10,0,0,0
10,0,0,0,20,30,25,15,0
20,10,5,10,10,10,20,10,5
9,9,9,9,20,11,11,11,11
1,2,2,10,11,11,31,11,21
18,0,26,13,33,0,0,6,4
9,8,8,8,21,8,21,9,8
1,3,10,20,32,20,10,3,1
3,3,5,5,8,8,13,21,34
27,10,23,2,2,2,2,2,30
2,13,12,17,5,2,2,6,41
0,20,15,35,0,10,0,15,5
16,10,8,10,9,8,18,11,10
5,5,10,10,10,10,10,20,20
25,2,5,10,30,0,5,3,20
0,20,10,5,30,20,4,1,10
20,20,30,20,10,0,0,0,0
1,10,11,10,21,10,2,10,25
25,20,20,10,10,10,0,5,0
10,30,10,15,15,5,0,5,10
31,27,16,10,2,4,5,3,2
20,10,10,10,20,5,10,5,10
20,20,20,10,10,10,10,0,0
1,1,1,10,2,10,25,25,25
11,10,11,9,12,8,10,9,20
33,4,2,4,22,2,3,3,27
0,0,0,0,0,25,25,25,25
21,9,9,11,11,11,11,9,8
25,0,25,0,0,0,25,0,25
0,0,10,0,0,30,20,15,25
0,0,0,30,18,10,11,11,20
3,28,3,3,3,20,7,32,1
26,1,31,1,7,1,11,1,21
5,15,10,10,5,10,10,25,10
0,20,20,30,20,10,0,0,0
5,20,30,5,10,5,5,10,10
0,0,0,0,0,22,26,26,26
5,10,5,20,20,30,10,0,0
15,0,0,0,25,10,20,0,30
26,8,8,10,14,12,6,8,8
20,0,20,5,30,5,10,0,10
5,3,1,11,40,3,21,11,5
10,15,10,9,25,6,10,5,10
3,30,6,3,30,11,11,2,4
0,25,0,25,0,25,0,25,0
25,25,25,25,0,0,0,0,0
25,1,10,1,25,1,10,2,25
6,0,13,6,18,0,31,0,26
10,10,15,10,10,10,15,10,10
20,10,10,10,10,5,5,10,20
10,0,0,10,0,30,20,20,10
0,0,25,0,25,0,25,0,25
20,10,5,10,10,10,5,10,20
0,11,15,33,11,15,5,10,0
10,20,10,0,10,20,10,10,10
0,15,5,0,30,5,25,10,10
5,0,35,20,20,20,0,0,0
15,10,10,10,20,10,10,10,5
10,10,10,15,10,15,10,10,10
10,10,10,15,10,15,10,10,10
10,10,10,15,10,15,10,10,10
10,10,10,5,15,10,10,20,10
10,15,15,10,10,10,10,10,10
11,10,10,2,5,5,25,30,2
3,2,29,2,29,2,29,2,2
5,15,1,29,32,0,9,5,4
25,2,5,1,2,8,29,2,26
0,0,0,25,25,25,25,0,0
10,10,10,0,20,5,30,0,15
9,9,0,30,0,13,10,20,9
10,10,15,10,10,10,10,15,10
20,10,1,1,8,30,4,1,25
6,9,12,15,36,10,2,4,6
0,21,31,32,4,3,3,3,3
10,20,10,10,15,10,10,5,10
15,25,27,10,10,1,10,1,1
11,9,11,3,33,3,11,8,11
10,1,10,10,19,10,10,11,19
15,10,10,10,10,5,10,20,10
0,3,3,16,16,2,23,37,0
8,0,9,12,0,0,15,26,30
44,12,2,12,2,12,2,12,2
10,10,15,10,15,10,10,10,10
0,0,5,10,20,30,25,5,5
10,10,15,10,10,10,10,10,15
10,10,15,10,10,10,10,10,15
10,20,10,10,20,0,10,10,10
0,6,31,19,14,8,7,6,9
10,10,10,10,15,10,15,10,10
10,10,10,10,15,10,15,10,10
10,10,10,10,15,15,10,10,10
10,15,10,10,10,10,10,15,10
10,10,10,15,15,10,10,10,10
20,5,30,10,10,5,5,10,5
10,10,10,10,10,10,15,10,15
10,10,10,10,10,10,15,10,15
3,22,10,5,37,2,11,6,4
16,20,0,9,10,0,30,7,8
10,10,10,20,20,10,10,0,10
0,0,26,27,18,0,0,27,2
1,1,1,10,33,22,1,23,8
25,0,25,0,0,0,30,0,20
10,10,14,8,20,10,9,9,10
1,26,1,10,30,1,1,20,10
10,10,10,10,15,10,10,15,10
10,10,10,10,15,10,10,15,10
10,10,10,10,15,10,10,15,10
0,20,0,10,30,0,20,10,10
10,2,10,30,20,10,8,5,5
12,6,41,2,12,2,7,6,12
11,10,19,10,9,10,10,10,11
10,10,10,10,10,10,10,15,15
10,10,10,10,10,10,10,15,15
20,0,0,5,30,30,5,5,5
26,1,4,1,29,10,2,2,25
0,10,10,20,10,10,20,10,10
1,4,10,20,35,15,10,4,1
10,0,0,32,16,1,10,10,21
1,8,11,16,25,31,0,8,0
11,8,11,6,31,8,6,11,8
15,15,10,10,10,10,10,10,10
2,2,30,2,29,2,29,2,2
10,20,30,0,10,0,10,0,20
10,1,1,15,35,20,7,10,1
10,10,10,10,10,9,1,20,20
10,10,10,10,15,10,10,10,15
2,2,2,29,30,29,2,2,2
2,2,2,2,30,30,28,2,2
15,10,10,10,10,10,10,15,10
0,0,11,34,0,11,11,11,22
2,2,2,30,2,30,2,28,2
10,5,1,9,30,20,10,6,9
10,9,7,25,9,8,14,9,9
15,10,10,10,15,10,10,10,10
30,10,0,15,10,0,10,15,10
7,9,13,5,39,21,3,2,1
15,10,10,10,10,10,10,10,15
15,10,10,10,10,10,10,10,15
15,10,10,10,10,10,10,10,15
15,10,10,10,10,10,10,10,15
15,10,30,15,10,0,10,10,0
14,11,1,10,5,3,12,40,4
3,2,1,15,45,16,15,3,0
25,10,3,2,35,7,1,2,15
1,2,22,35,1,30,3,1,5
3,3,15,15,40,10,10,2,2
1,9,27,10,1,13,29,9,1
7,12,10,35,19,10,2,4,1
12,5,5,5,10,2,30,30,1
30,20,10,10,10,5,5,5,5
2,30,2,2,30,2,2,28,2
1,7,21,21,41,1,2,5,1
0,10,20,27,0,30,3,10,0
1,15,0,9,30,30,15,0,0
20,20,0,0,20,38,0,0,2
11,10,10,10,11,10,10,10,18
30,10,1,10,10,10,20,5,4
20,10,30,20,10,0,10,0,0
1,0,1,5,15,7,30,30,11
40,20,20,5,5,5,2,2,1
2,21,41,1,11,0,12,11,1
1,1,11,12,1,41,1,21,11
1,2,6,21,41,20,6,2,1
15,3,9,6,17,2,37,1,10
12,27,1,33,6,9,5,0,7
2,2,45,2,22,2,2,2,21
11,11,11,11,11,11,0,34,0
10,10,10,10,19,10,11,10,10
20,20,10,10,10,10,10,10,0
18,11,0,1,38,9,0,7,16
0,30,10,20,0,10,10,20,0
3,9,14,20,3,40,8,3,0
0,5,18,30,7,10,10,10,10
3,3,20,3,15,3,47,3,3
30,1,1,30,25,0,0,2,11
0,10,11,12,25,35,5,0,2
40,5,15,3,12,5,4,6,10
20,0,10,10,30,5,5,10,10
1,2,4,8,16,32,32,3,2
0,20,10,30,10,5,5,10,10
5,2,10,39,13,10,15,0,6
10,37,16,5,20,1,1,10,0
10,20,30,0,10,10,9,11,0
30,2,10,15,1,1,1,10,30
10,10,10,20,10,10,10,10,10
10,10,10,20,10,10,10,10,10
10,10,10,20,10,10,10,10,10
10,10,10,20,10,10,10,10,10
10,10,10,20,10,10,10,10,10
10,10,10,20,10,10,10,10,10
10,10,10,10,10,10,20,10,10
10,10,10,10,10,10,20,10,10
10,10,10,10,10,10,20,10,10
10,10,10,10,10,10,20,10,10
10,10,10,10,10,20,10,10,10
10,10,10,10,10,20,10,10,10
10,10,10,10,10,20,10,10,10
10,10,10,10,10,20,10,10,10
10,10,10,10,10,20,10,10,10
1,29,5,2,29,2,2,29,1
10,10,10,25,10,10,10,5,10
10,0,5,30,10,30,5,5,5
5,5,10,10,15,10,5,35,5
2,30,1,2,30,2,1,30,2
10,10,10,10,20,10,10,10,10
10,10,10,10,20,10,10,10,10
10,10,10,10,20,10,10,10,10
10,10,10,10,20,10,10,10,10
10,10,10,10,20,10,10,10,10
10,10,10,10,20,10,10,10,10
10,10,10,10,20,10,10,10,10
10,10,10,10,20,10,10,10,10
10,10,10,10,20,10,10,10,10
10,10,10,10,20,10,10,10,10
10,10,10,10,20,10,10,10,10
10,10,10,10,20,10,10,10,10
10,10,10,10,20,10,10,10,10
10,10,10,10,20,10,10,10,10
10,10,10,10,20,10,10,10,10
10,10,10,10,20,10,10,10,10
10,10,10,10,20,10,10,10,10
10,10,10,10,20,10,10,10,10
10,10,10,10,20,10,10,10,10
10,10,10,10,20,10,10,10,10
10,10,10,10,20,10,10,10,10
10,10,10,10,20,10,10,10,10
10,10,10,10,20,10,10,10,10
10,10,10,10,20,10,10,10,10
10,10,10,10,20,10,10,10,10
10,10,10,10,20,10,10,10,10
10,10,10,10,20,10,10,10,10
10,10,10,10,20,10,10,10,10
10,10,10,10,20,10,10,10,10
10,10,10,10,20,10,10,10,10
10,10,10,10,20,10,10,10,10
3,3,3,3,5,1,13,29,40
30,10,10,10,5,20,5,10,0
5,4,5,10,40,2,4,20,10
1,2,2,30,30,30,2,2,1
11,7,11,40,10,3,3,11,4
20,10,10,10,11,10,10,10,9
10,20,10,10,10,10,10,10,10
10,20,10,10,10,10,10,10,10
10,10,10,10,10,10,10,20,10
10,10,10,10,10,10,10,20,10
10,10,10,10,10,10,10,20,10
10,10,10,10,10,10,10,20,10
10,10,10,10,10,10,10,20,10
10,10,10,10,10,10,10,20,10
8,6,11,5,29,3,0,4,34
1,8,20,10,10,10,1,10,30
7,9,4,14,5,7,11,40,3
10,10,10,10,10,10,10,10,20
10,10,10,10,10,10,10,10,20
10,10,10,10,10,10,10,10,20
10,10,10,10,10,10,10,10,20
10,10,10,10,10,10,10,10,20
10,10,10,10,10,10,10,10,20
10,10,10,10,10,10,10,10,20
10,10,10,10,10,10,10,10,20
10,10,10,10,10,10,10,10,20
10,10,10,10,10,10,10,10,20
5,35,10,5,25,5,10,0,5
1,1,1,31,30,30,2,2,2
10,0,10,0,10,20,10,30,10
10,10,0,10,20,10,0,10,30
0,1,20,9,1,9,29,30,1
0,5,5,10,10,10,10,20,30
20,10,10,10,10,10,10,10,10
20,10,10,10,10,10,10,10,10
20,10,10,10,10,10,10,10,10
20,10,10,10,10,10,10,10,10
20,10,10,10,10,10,10,10,10
20,10,10,10,10,10,10,10,10
20,10,10,10,10,10,10,10,10
31,2,9,11,31,2,2,2,10
0,5,7,3,10,40,20,11,4
0,6,12,24,0,0,42,16,0
10,5,5,30,10,10,10,10,10
10,0,20,0,40,0,20,0,10
31,30,30,1,2,2,1,1,2
0,0,0,30,30,20,10,0,10
0,2,3,30,0,2,3,30,30
7,6,37,6,11,9,7,6,11
10,5,5,10,10,30,10,10,10
1,1,1,30,30,30,5,1,1
4,4,4,36,4,36,4,4,4
1,1,7,41,20,0,19,1,10
30,5,10,5,0,5,10,5,30
10,20,0,5,5,40,2,10,8
10,10,10,10,30,10,7,3,10
3,6,0,10,38,10,14,10,9
0,1,2,2,11,11,11,21,41
10,0,10,0,20,0,30,0,30
10,30,10,5,10,5,10,10,10
10,4,10,4,15,5,5,41,6
31,1,1,31,2,2,30,1,1
0,2,2,2,2,30,2,40,20
41,20,30,1,1,1,2,2,2
0,4,5,15,30,40,3,2,1
1,30,5,1,5,40,5,1,12
1,1,1,31,31,31,1,2,1
15,15,14,1,51,1,1,1,1
30,10,10,10,10,5,5,10,10
1,0,1,15,30,40,12,1,0
7,7,7,7,7,44,2,14,5
33,33,20,10,0,2,0,0,2
3,21,1,21,50,1,1,1,1
0,0,15,10,20,5,40,0,10
10,10,31,10,10,10,10,1,8
0,14,16,0,0,32,38,0,0
10,1,7,2,40,3,30,2,5
2,2,14,3,11,52,2,2,12
2,30,0,40,0,15,10,3,0
30,10,10,10,1,10,9,10,10
5,11,7,8,9,7,9,9,35
5,20,0,20,1,50,0,3,1
16,1,3,1,51,11,1,1,15
1,33,1,32,1,1,1,29,1
5,10,5,10,40,10,5,10,5
1,10,13,41,1,7,10,8,9
10,5,10,5,40,5,10,5,10
10,5,0,0,18,1,49,4,13
1,1,1,1,30,24,1,1,40
1,1,6,1,1,12,48,24,6
0,1,2,3,6,12,24,48,4
6,9,9,9,10,8,9,10,30
20,10,1,0,40,0,10,9,10
0,23,16,1,46,8,0,5,1
2,7,10,37,30,10,2,0,2
15,1,10,10,40,10,10,3,1
30,1,1,1,1,27,1,37,1
0,0,45,10,12,0,12,9,12
1,35,1,20,1,2,1,38,1
10,10,10,10,40,2,10,5,3
0,0,3,13,50,25,3,3,3
0,0,0,15,15,0,40,30,0
8,8,8,8,36,8,8,8,8
5,10,10,5,44,5,10,5,6
9,14,0,21,50,0,0,0,6
1,10,40,1,10,30,2,1,5
12,1,6,1,50,1,3,1,25
5,5,10,7,3,50,15,4,1
1,40,2,3,4,35,7,3,5
4,10,4,10,44,10,4,10,4
10,20,30,40,0,0,0,0,0
15,3,0,2,55,2,1,7,15
30,0,0,0,30,0,10,0,30
10,3,30,0,7,1,1,8,40
50,1,1,1,1,10,15,1,20
6,10,10,30,0,40,2,2,0
25,10,5,0,40,0,10,0,10
0,0,0,0,20,5,5,25,45
15,30,10,5,0,0,0,0,40
47,2,10,6,1,11,1,9,13
1,3,6,12,25,50,1,1,1
3,3,3,3,3,3,40,40,2
10,5,10,45,15,5,0,10,0
6,9,6,9,6,46,6,6,6
0,0,0,50,25,13,7,3,2
10,5,5,5,50,5,5,10,5
4,9,15,7,50,3,10,1,1
0,20,0,0,0,50,20,0,10
0,0,50,0,11,0,11,17,11
1,1,1,20,20,54,1,1,1
0,0,0,10,20,0,40,0,30
15,0,8,45,0,1,0,1,30
1,10,45,11,10,10,1,2,10
2,2,55,4,12,5,5,5,10
1,2,3,4,55,6,7,13,9
50,0,0,25,0,12,8,0,5
5,1,10,1,17,50,9,0,7
50,10,10,5,5,5,5,5,5
50,10,10,5,5,5,5,5,5
50,10,0,0,20,0,5,5,10
0,33,0,0,0,33,0,33,1
4,10,2,10,50,10,2,10,2
50,25,10,5,4,3,1,1,1
4,8,4,7,54,7,4,8,4
1,1,1,1,16,10,10,10,50
40,6,3,1,0,1,3,6,40
1,35,10,10,1,40,1,1,1
0,0,0,0,0,0,33,33,34
33,0,0,33,0,0,34,0,0
50,6,10,8,2,7,3,9,5
0,0,35,30,35,0,0,0,0
1,2,51,0,30,3,10,1,2
0,0,0,40,30,30,0,0,0
1,2,51,5,1,1,34,2,3
3,59,0,0,6,20,3,1,8
50,5,9,10,20,5,0,0,1
0,5,40,5,0,5,40,5,0
2,2,6,4,2,16,64,2,2
5,5,5,5,5,5,5,5,60
37,10,1,0,1,1,10,40,0
1,4,10,60,20,1,1,1,2
10,10,10,0,50,0,10,0,10
20,10,2,0,0,60,6,2,0
1,1,1,57,10,5,10,5,10
2,1,2,1,1,68,2,21,2
8,60,20,10,0,0,1,1,0
0,10,5,5,0,60,0,0,20
10,1,1,5,10,60,2,1,10
10,0,0,9,15,1,60,5,0
60,10,0,0,15,0,10,5,0
10,68,10,2,2,2,2,2,2
0,60,5,8,9,5,5,8,0
5,2,2,2,2,5,2,75,5
10,0,0,0,60,0,30,0,0
2,4,2,10,1,2,73,1,5
0,10,14,6,0,1,68,1,0
2,3,75,1,2,3,2,10,2
2,0,15,75,0,2,5,0,1
20,0,5,0,70,0,5,0,0
2,2,2,2,3,3,3,3,80
2,1,3,3,3,3,80,3,2
2,3,2,2,6,2,2,79,2
1,9,0,1,10,70,2,7,0
2,2,2,84,2,2,2,2,2
1,5,0,1,1,10,75,0,7
2,2,2,2,84,2,2,2,2
2,2,2,2,2,84,2,2,2
2,2,2,2,2,84,2,2,2
1,2,5,80,2,3,5,1,1
2,2,2,2,2,2,2,84,2
0,0,82,3,3,3,3,3,3
1,4,80,1,1,1,10,1,1
2,2,87,2,2,1,1,2,1
0,74,0,0,9,9,7,1,0
1,90,1,3,1,1,1,1,1
1,1,1,91,1,1,2,1,1
0,5,1,1,90,0,1,1,1
1,1,1,1,92,1,1,1,1
1,1,1,1,92,1,1,1,1
1,1,1,1,92,1,1,1,1
1,1,1,1,92,1,1,1,1
1,1,1,1,92,1,1,1,1
1,1,1,1,1,1,1,92,1
92,1,1,1,1,1,1,1,1
92,1,1,1,1,1,1,1,1
1,0,1,1,93,1,1,0,2
1,93,1,2,1,1,1,0,0
0,1,1,0,1,94,1,0,2
1,0,94,1,2,1,0,1,0
0,0,5,0,90,5,0,0,0
1,1,0,0,95,1,1,0,1
0,0,0,5,0,1,0,93,1
0,1,1,1,95,1,1,0,0
99,0,0,0,0,1,0,0,0
0,0,0,0,0,0,100,0,0
0,0,0,0,0,100,0,0,0
0,0,0,0,0,100,0,0,0
0,0,0,0,100,0,0,0,0
100,0,0,0,0,0,0,0,0
100,0,0,0,0,0,0,0,0
